THE W3 2023-10-06 11:41:54:

701
201
830
919
139
537
490
532
723
118
281
825
404
311
398
267
602
644
391
625
401
435
248
331
914
847
807
208
108
098
672
820
400
938
724
300
643
689
940
183
654
671
017
930
723
467
734
809
614
431
808
793
439
480
118
193
480
775
400
329
303
439
490
790
116
442
440
042
089
227
716
744
119
275
827
077
776
407
439
713
190
991
333
403
901
410
443
376
137
132
193
925
845
667
045
647
429
230
407
538
708
039
977
934
883
714
725
227
375
252
040
913
439
143
004
450
630
390
200
000
947
791
171
942
204
693
603
370
854
943
010
043
242
103
338
484
416
837
920
367
103
904
010
176
343
052
449
640
545
117
784
407
454
747
410
674
283
983
775
370
019
461
575
776
416
804
161
352
030
557
933
348
945
648
343
047
008
271
724
700
942
374
018
681
863
352
247
420
827
090
467
654
433
675
809
672
538
652
720
775
071
110
943
645
230
261
601
174
408
770
120
413
804
354
252
040
436
889
343
733
483
723
727
843
393
344
684
233
884
467
202
180
002
400
819
389
972
427
938
437
714
223
232
002
005
020
325
011
238
039
009