THE W4 2023-10-20 18:26:35:

1353
3289
4673
4791
7544
8954
9150
9311
1667
1984
2914
4198
4945
7552
9733
2576
2691
3950
6732
6770
7707
2770
3983
7781
9931
3163
3720
4383
7573
8093
8905
9454
4924
5002
5372
9319
9349
0518
1014
2708
0932
7917
9840
0608
2737
4708
6704
7663
9310
0018
0331
2427
2672
7503
7783
7927
1449
0941
0984
2711
3998
0976
3177
3725
3814
4561
4671
7047
3532
6929
2518
4584
6030
6491
6905
8980
2700
3605
3620
9629
9833
0345
1733
3784
4683
2047
2549
1972
2605
3633
4454
4572
6176
7074
7267
8876
3131
3276
3548
4547
7907
8952
0653
0720
1632
1933
4242
4270
6747
9707
9980
0305
2671
1991
2676
2749
7791
9900
2780
3375
7272
9977
1701
5440
0271
0377
3557
3680
4511
8177
0009
1418
2784
5325
7284
9002
0024
0938
3074
4677
4784
9710
1081
1771
2750
7017
4301
4309
5463
6947
7000
8338
8945
9601
3310
7514
1676
2000
3267
3719
6727
6776
8911
9741
0648
1348
3101
3500
3598
3704
4091
4508
6961
9637
1849
4972
6911
7633
7724
0374
0732
0752
3784
4867
6336
9773
1674
2623
2684
5788
6291
7677
8975
0501
2752
2908
7502
9074
9810
9940
2100
3442
3504
4545
1705
2644
7580
9457
9124
9744
2588
2947
4510
5700
5704
6108
0518
0671
0745
4519
4767
9708
9745
1825
3527
0937
1661
2711
9774
1973
2933
3316
3380
4444
4817
4998
7933
0327
0480
0504
1027
3725
4514
4676
6714
9747
9989
1302
1781
1919
2071
2744
2989
4680
4710
7404
7610
8932
1034
3417
8947
1798
3548
3707
8814
0431
3989
6929
7525
3923
4252
7976
9945
0803
2531
2645
3671
4905
6924
9102
3548
3638
4547
4548
6219
8037
9119
8844
9698
4614
7732
9461
0661
0772
0789
0927
2901
4242
4961
5090
5784
6917
7710
9084
9723