THE W5 2023-10-20 18:26:35:

01353
03289
03710
04673
04791
07544
08954
09150
09311
11667
11984
12914
14198
14945
16780
17552
19733
22576
22691
23950
26732
26770
27707
32676
32770
33983
37781
39931
41804
43163
43720
44383
47573
48093
48905
49454
52777
54924
55002
55372
57952
59032
59319
59349
70518
71014
72708
80932
87917
89840
00608
02737
04708
06704
07500
07663
08391
09310
10018
10331
12427
12672
14574
17503
17783
17927
31449
34773
40941
40984
42711
43998
70976
71942
73177
73725
73814
74561
74671
77047
83532
86929
92518
94584
96030
96491
96905
98980
02700
03605
03620
09629
09833
30345
31733
33784
34683
41748
42047
42549
48954
71972
72605
73633
74454
74572
76176
77074
77267
77910
78876
83131
83276
83548
84547
87907
88952
89632
00653
00720
01632
01933
04242
04270
06747
09707
09980
10305
10680
11714
12671
20131
21991
22676
22749
27791
29900
32780
40402
43375
47272
49977
50645
51701
54473
55440
70271
70377
71338
73557
73680
74511
78177
80009
81418
82784
85325
87284
89002
90024
90938
93074
93723
94677
94784
99710
01081
01771
02750
07017
12114
14301
14309
15463
16947
17000
18338
18945
19601
23310
27514
29998
31676
32000
33267
33719
34909
36727
36776
37604
38911
39741
40648
41348
43101
43500
43598
43704
44091
44508
46961
49637
51024
51849
52529
54972
56911
57633
57724
70374
70732
70752
71705
74810
80602
83784
84867
86336
89773
91674
92623
92684
95788
96291
97677
98975
00501
02752
02908
07502
09074
09810
09918
09940
22100
23442
23504
24545
30709
31705
32644
37580
39457
49124
49744
00700
02588
02947
04510
05700
05704
06108
07572
10518
10671
10745
14519
14767
19708
19745
21825
22524
23527
24727
29671
29718
30937
31661
32711
33838
39774
41973
42933
43683
44229
73316
73380
74444
74817
74998
77933
80327
80480
80504
81027
83725
84514
84676
86714
89747
89989
01302
01781
01919
02071
02744
02989
04680
04710
07404
07610
08932
09929
11034
12780
13417
18947
21798
23548
23707
28814
30431
33989
34977
36361
36929
37525
43923
44252
47976
49945
80329
80803
82531
82645
83671
84905
86924
89102
93548
93638
94547
94548
96219
98037
99119
11654
18134
18844
19698
34614
37732
39461
80661
80772
80789
80927
82901
84242
84961
85090
85784
86917
87608
87710
89084
89723