THE W6 2023-10-20 18:26:35:

001353
001375
002645
003289
003710
004673
004791
007544
008954
009150
009311
011667
011984
012914
013377
014198
014945
016045
016780
017552
018944
019733
021650
022576
022691
023950
026732
026770
027667
027707
032676
032770
033710
033983
037781
039931
040513
041804
043163
043720
044383
046454
047573
048093
048905
049454
050771
052777
054924
055002
055372
057952
059032
059319
059349
070518
070627
071014
072708
074470
074989
080932
081910
083705
087917
089840
100608
102737
104708
106704
107500
107663
108391
109310
109329
110018
110331
110970
112427
112672
114563
114574
116227
116927
117503
117783
117927
118317
131449
134524
134773
135225
138800
140941
140984
142103
142711
143998
146727
170976
171942
173177
173471
173725
173814
174034
174561
174671
176910
177047
177357
177925
183217
183532
183789
186929
192518
193190
194584
196030
196491
196905
197961
198980
201090
202700
203605
203620
206176
206705
208013
209629
209833
230345
231733
233784
234683
236254
241748
242047
242549
247525
248954
271972
272605
273633
274454
274572
276176
277074
277267
277910
278876
281732
283131
283276
283548
284547
287907
288952
289632
300653
300720
301632
301933
304242
304270
306747
309707
309980
310305
310680
311602
311714
311824
312671
319298
320131
321991
322676
322749
327309
327791
329042
329900
332688
332780
340402
340937
343375
347272
349977
350645
350676
351701
354473
355440
359729
370271
370377
371338
373557
373680
374511
378177
379716
380009
380390
381418
382784
384552
385325
387284
389002
390024
390938
393074
393567
393723
394677
394784
394918
399710
401081
401337
401674
401771
402750
407017
412114
413511
414301
414309
415463
416916
416947
417000
418338
418945
419336
419601
419920
423310
424650
427514
429048
429616
429998
431676
432000
433267
433719
434909
436727
436776
437604
438911
439741
440648
441348
443101
443500
443598
443704
444091
444508
446961
449637
451024
451849
452529
454972
456911
457633
457724
470374
470732
470752
471705
474810
480602
483784
484867
486336
489773
491674
492623
492684
493967
495788
496291
497677
498975
500501
502654
502752
502908
507502
509074
509717
509810
509918
509940
520949
522100
522650
523442
523504
524545
530709
531705
532644
537580
539457
549124
549744
700542
700700
700933
702588
702917
702947
704510
705700
705704
706108
707572
710518
710671
710745
714519
714767
717404
719708
719745
721825
722524
723527
724727
729671
729718
730937
731661
732711
733838
734853
739774
741618
741973
742933
743683
743917
744229
773316
773380
774444
774817
774998
777933
780327
780480
780504
781027
782157
783725
784514
784676
784729
785474
786714
789747
789989
800650
801302
801781
801919
802071
802744
802929
802989
804680
804710
806902
807404
807610
808932
809929
811034
812780
813417
818947
819644
821798
823548
823707
824042
824443
828814
830431
833989
834977
836361
836929
837525
840934
842450
843923
844252
844819
847976
849945
880329
880803
881727
882531
882645
883671
884905
886924
887544
889084
889102
890498
893548
893638
894547
894548
895775
896219
898037
899119
899754
911654
914843
917130
918134
918844
919698
933532
934614
937732
939461
980661
980772
980789
980927
982901
984242
984961
985090
985784
986917
987608
987710
989084
989723