The Draw is: 15
23,16,36,34,04,05,05,15,11,04,02,02,16
The Draw is: 36
48,19,11,31,37,07,07,17,13,06,93,66,13
The Draw is: 07
08,22,13,05,01,04,04,13,15,20,06,63,15
The Draw is: 22
43,06,33,08,33,06,06,16,04,05,93,66,13
The Draw is: 50
43,00,31,07,33,11,88,19,02,03,04,04,11
The Draw is: 39
18,28,17,22,03,07,07,17,19,26,92,65,19
The Draw is: 14
33,13,35,34,25,05,05,15,06,06,93,66,15
The Draw is: 66
43,19,11,31,33,13,90,20,13,02,03,03,13
The Draw is: 13
28,09,34,08,21,05,05,15,05,18,92,65,14
The Draw is: 15
38,16,36,06,29,05,05,15,11,22,94,67,16
The Draw is: 94
33,13,35,28,25,19,96,23,06,03,92,65,15
The Draw is: 87
48,22,13,05,37,17,94,22,15,02,05,05,15
The Draw is: 05
33,16,36,09,25,04,04,13,11,03,95,68,16
The Draw is: 51
43,03,32,06,33,11,88,19,03,05,06,63,12
The Draw is: 59
33,28,17,34,25,11,88,19,19,22,92,65,19
The Draw is: 68
03,25,15,34,00,13,90,20,17,26,04,04,17
The Draw is: 58
03,25,15,06,00,11,88,19,17,20,02,02,17
The Draw is: 56
28,19,11,09,21,11,88,19,13,06,94,67,13
The Draw is: 53
08,09,34,22,01,11,88,19,05,04,06,63,14
The Draw is: 52
13,06,33,06,02,11,88,19,04,06,94,67,13
The Draw is: 25
08,16,36,05,01,06,06,16,11,06,06,63,16
The Draw is: 18
28,25,15,08,21,05,05,15,17,05,04,04,17
The Draw is: 15
48,16,36,07,37,05,05,15,11,22,05,05,16
The Draw is: 01
43,03,32,07,33,04,04,13,03,06,92,65,12
The Draw is: 74
43,13,35,25,33,15,92,21,06,04,02,02,15
The Draw is: 00
23,00,31,06,04,04,04,13,02,22,92,65,11
The Draw is: 55
18,16,36,25,03,11,88,19,11,04,95,68,16
The Draw is: 16
33,19,11,05,25,05,05,15,13,06,95,68,13
The Draw is: 00
48,00,31,07,37,04,04,13,02,20,05,05,11
The Draw is: 69
23,28,17,09,04,13,90,20,19,03,06,63,19
The Draw is: 95
43,16,36,31,33,19,96,23,11,18,93,66,16
The Draw is: 78
13,25,15,34,02,15,92,21,17,05,05,05,17
The Draw is: 97
23,22,13,22,04,19,96,23,15,26,94,67,15
The Draw is: 02
18,06,33,22,03,04,04,13,04,20,02,02,13
The Draw is: 06
13,19,11,25,02,04,04,13,13,03,95,68,13
The Draw is: 08
48,25,15,07,37,04,04,13,17,20,94,67,17
The Draw is: 10
23,00,31,31,04,05,05,15,02,04,04,04,11
The Draw is: 70
48,00,31,34,37,15,92,21,02,20,02,02,11
The Draw is: 48
23,25,15,28,04,08,08,18,17,26,95,68,17
The Draw is: 07
03,22,13,07,00,04,04,13,15,18,02,02,15
The Draw is: 54
08,13,35,05,01,11,88,19,06,20,03,03,15
The Draw is: 60
08,00,31,06,01,13,90,20,02,03,03,03,11
The Draw is: 56
13,19,11,09,02,11,88,19,13,22,93,66,13
The Draw is: 99
03,28,17,07,00,19,96,23,19,04,92,65,19
The Draw is: 96
23,19,11,28,04,19,96,23,13,05,05,05,13
The Draw is: 17
33,22,13,05,25,05,05,15,15,24,94,67,15
The Draw is: 70
13,00,31,09,02,15,92,21,02,18,91,64,11
The Draw is: 26
48,19,11,09,37,06,06,16,13,05,91,64,13
The Draw is: 48
43,25,15,34,33,08,08,18,17,05,92,65,17
The Draw is: 31
43,03,32,22,33,07,07,17,03,18,91,64,12
The Draw is: 70
38,00,31,25,29,15,92,21,02,18,02,02,11
The Draw is: 18
38,25,15,31,29,05,05,15,17,06,06,63,17
The Draw is: 96
23,19,11,28,04,19,96,23,13,26,06,63,13
The Draw is: 38
48,25,15,06,37,07,07,17,17,18,93,66,17
The Draw is: 38
28,25,15,22,21,07,07,17,17,03,94,67,17
The Draw is: 22
33,06,33,07,25,06,06,16,04,06,95,68,13
The Draw is: 25
48,16,36,34,37,06,06,16,11,20,04,04,16
The Draw is: 39
43,28,17,06,33,07,07,17,19,04,94,67,19
The Draw is: 12
33,06,33,28,25,05,05,15,04,20,92,65,13
The Draw is: 00
28,00,31,22,21,04,04,13,02,02,02,02,11
The Draw is: 02
28,06,33,09,21,04,04,13,04,22,03,03,13
The Draw is: 04
13,13,35,07,02,04,04,13,06,02,05,05,15
The Draw is: 47
18,22,13,31,03,08,08,18,15,22,95,68,15
The Draw is: 96
48,19,11,34,37,19,96,23,13,03,93,66,13
The Draw is: 48
28,25,15,34,21,08,08,18,17,18,91,64,17
The Draw is: 50
43,00,31,22,33,11,88,19,02,02,06,63,11
The Draw is: 12
48,06,33,09,37,05,05,15,04,18,93,66,13
The Draw is: 32
08,06,33,09,01,07,07,17,04,06,02,02,13
The Draw is: 82
18,06,33,09,03,17,94,22,04,20,92,65,13
The Draw is: 27
23,22,13,09,04,06,06,16,15,05,94,67,15
The Draw is: 75
38,16,36,25,29,15,92,21,11,24,03,03,16
The Draw is: 42
33,06,33,28,25,08,08,18,04,26,93,66,13
The Draw is: 83
43,09,34,07,33,17,94,22,05,24,95,68,14
The Draw is: 72
08,06,33,05,01,15,92,21,04,24,02,02,13
The Draw is: 33
08,09,34,28,01,07,07,17,05,02,03,03,14
The Draw is: 54
33,13,35,31,25,11,88,19,06,04,03,03,15
The Draw is: 63
43,09,34,25,33,13,90,20,05,02,05,05,14
The Draw is: 61
28,03,32,25,21,13,90,20,03,04,02,02,12
The Draw is: 31
08,03,32,31,01,07,07,17,03,24,04,04,12
The Draw is: 24
08,13,35,08,01,06,06,16,06,22,95,68,15
The Draw is: 85
23,16,36,34,04,17,94,22,11,26,03,03,16
The Draw is: 16
18,19,11,09,03,05,05,15,13,06,92,65,13
The Draw is: 69
08,28,17,22,01,13,90,20,19,24,06,63,19
The Draw is: 90
48,00,31,25,37,19,96,23,02,24,92,65,11
The Draw is: 25
18,16,36,05,03,06,06,16,11,02,06,63,16
The Draw is: 16
23,19,11,09,04,05,05,15,13,02,02,02,13
The Draw is: 45
03,16,36,28,00,08,08,18,11,02,03,03,16
The Draw is: 79
23,28,17,05,04,15,92,21,19,02,04,04,19
The Draw is: 68
48,25,15,08,37,13,90,20,17,18,91,64,17
The Draw is: 69
38,28,17,09,29,13,90,20,19,26,04,04,19
The Draw is: 13
38,09,34,07,29,05,05,15,05,26,92,65,14
The Draw is: 50
33,00,31,25,25,11,88,19,02,05,02,02,11
The Draw is: 77
08,22,13,31,01,15,92,21,15,04,91,64,15
The Draw is: 03
43,09,34,28,33,04,04,13,05,22,06,63,14
The Draw is: 99
08,28,17,25,01,19,96,23,19,22,94,67,19
The Draw is: 01
08,03,32,07,01,04,04,13,03,24,05,05,12
The Draw is: 22
03,06,33,34,00,06,06,16,04,24,03,03,13
The Draw is: 75
28,16,36,07,21,15,92,21,11,18,93,66,16
The Draw is: 96
03,19,11,06,00,19,96,23,13,05,91,64,13
The Draw is: 91
03,03,32,05,00,19,96,23,03,20,91,64,12
The Draw is: 03
33,09,34,08,25,04,04,13,05,26,03,03,14
The Draw is: 02
08,06,33,09,01,04,04,13,04,05,41,03,13
The Draw is: 60
08,00,31,31,01,13,90,20,02,18,91,64,11
The Draw is: 44
03,13,35,28,00,08,08,18,06,06,93,66,15
The Draw is: 34
48,13,35,34,37,07,07,17,06,22,91,64,15
The Draw is: 87
03,22,13,22,00,17,94,22,15,26,41,03,53
The Draw is: 29
18,28,17,09,03,06,06,16,19,02,92,65,57
The Draw is: 53
08,09,34,07,01,11,88,19,05,20,44,63,14
The Draw is: 48
28,25,15,08,21,08,08,18,17,05,95,68,55
The Draw is: 44
03,13,35,06,00,08,08,18,06,06,95,68,15
The Draw is: 90
13,00,31,07,02,19,96,23,02,05,42,04,11
The Draw is: 58
13,25,15,06,02,11,88,19,17,05,41,03,55
The Draw is: 98
08,25,15,25,01,19,96,23,17,05,92,65,55
The Draw is: 22
33,06,33,25,25,06,06,16,04,26,40,02,13
The Draw is: 03
18,09,34,31,03,04,04,13,05,02,44,63,14
The Draw is: 36
13,19,11,07,02,07,07,17,13,26,95,68,51
The Draw is: 13
48,09,34,28,37,05,05,15,05,22,91,64,14
The Draw is: 67
08,22,13,07,01,13,90,20,15,20,95,68,53
The Draw is: 51
18,03,32,25,03,11,88,19,03,03,43,05,12
The Draw is: 35
13,16,36,22,02,07,07,17,11,18,40,02,16
The Draw is: 75
48,16,36,25,37,15,92,21,11,06,91,64,16
The Draw is: 68
38,25,15,06,29,13,90,20,17,03,92,65,55
The Draw is: 45
13,16,36,05,02,08,08,18,11,22,94,67,16
The Draw is: 92
08,06,33,05,01,19,96,23,04,26,43,05,13
The Draw is: 87
03,22,13,08,00,17,94,22,15,04,94,67,53
The Draw is: 39
13,28,17,34,02,07,07,17,19,24,91,64,57
The Draw is: 81
23,03,32,34,04,17,94,22,03,26,93,66,12
The Draw is: 49
03,28,17,06,00,08,08,18,19,02,94,67,57
The Draw is: 43
28,09,34,28,21,08,08,18,05,05,44,63,14
The Draw is: 08
43,25,15,07,33,04,04,13,17,18,95,68,55
The Draw is: 76
28,19,11,07,21,15,92,21,13,18,44,63,51
The Draw is: 99
18,28,17,05,03,19,96,23,19,05,44,63,57
The Draw is: 59
13,28,17,06,02,11,88,19,19,26,43,05,57
The Draw is: 76
23,19,11,28,04,15,92,21,13,06,41,03,51
The Draw is: 45
18,16,36,25,03,08,08,18,11,06,92,65,16
The Draw is: 36
33,19,11,34,25,07,07,17,13,02,44,63,51
The Draw is: 02
48,06,33,34,37,04,04,13,04,22,40,02,13
The Draw is: 46
23,19,11,09,04,08,08,18,13,26,94,67,51
The Draw is: 18
33,25,15,31,25,05,05,15,17,24,93,66,55
The Draw is: 08
23,25,15,31,04,04,04,13,17,22,92,65,55
The Draw is: 04
08,13,35,22,01,04,04,13,06,02,98,67,15
The Draw is: 98
23,25,15,06,04,19,96,23,17,24,40,02,55
The Draw is: 66
18,19,11,31,03,13,90,20,13,02,91,64,51
The Draw is: 64
48,13,35,09,37,13,90,20,06,03,92,65,15
The Draw is: 19
48,28,17,06,37,05,05,15,19,05,91,64,57
The Draw is: 22
13,06,33,09,02,06,06,16,04,03,44,63,13
The Draw is: 70
08,00,31,07,01,15,92,21,02,20,91,64,11
The Draw is: 09
38,28,17,05,29,04,04,13,19,06,44,63,57
The Draw is: 38
43,25,15,34,33,07,07,17,17,04,93,66,55
The Draw is: 62
13,06,33,07,02,13,90,20,04,24,40,02,13
The Draw is: 83
08,09,34,28,01,17,94,22,05,06,93,66,14
The Draw is: 82
38,06,33,28,29,17,94,22,04,02,94,67,13
The Draw is: 59
48,28,17,28,37,11,88,19,19,22,42,04,57
The Draw is: 49
38,28,17,34,29,08,08,18,19,04,44,63,57
The Draw is: 47
43,22,13,28,33,08,08,18,15,05,94,67,53
The Draw is: 32
28,06,33,25,21,07,07,17,04,22,41,03,13
The Draw is: 11
33,03,32,08,25,05,05,15,03,06,93,66,12
The Draw is: 81
43,03,32,31,33,17,94,22,03,26,94,67,12
The Draw is: 77
13,22,13,06,02,15,92,21,15,22,93,66,53
The Draw is: 67
33,22,13,06,25,13,90,20,15,24,43,05,53
The Draw is: 32
08,06,33,06,01,07,07,17,04,20,40,02,13
The Draw is: 54
18,13,35,09,03,11,88,19,06,05,44,63,15
The Draw is: 04
18,13,35,34,03,04,04,13,06,03,94,67,15
The Draw is: 74
08,13,35,09,01,15,92,21,06,24,95,68,15
The Draw is: 12
13,06,33,28,02,05,05,15,04,05,42,04,13
The Draw is: 39
18,28,17,25,03,07,07,17,19,06,92,65,57
The Draw is: 37
13,22,13,08,02,07,07,17,15,05,42,04,53
The Draw is: 69
33,28,17,09,25,13,90,20,19,06,44,63,57
The Draw is: 87
43,22,13,31,33,17,94,22,15,03,94,67,53
The Draw is: 65
03,16,36,09,00,13,90,20,11,03,40,02,16
The Draw is: 81
38,03,32,07,29,17,94,22,03,20,43,05,12
The Draw is: 58
13,25,15,31,02,11,88,19,17,06,03,03,17
The Draw is: 38
38,25,15,08,29,07,07,17,17,24,93,66,17
The Draw is: 37
48,22,13,08,37,07,07,17,15,03,02,02,15
