ບວກກັນທັງຫມົດ - 2
ທ້າຍສອງໂຕບວກກັນ ລົບໂຕໜ້າ if can'T lop then 0
ໜ້າຄູນກັນ if > 9 get last
ບວກກັນທັງຫມົດ - 2 ເອົາໂຕຫຼັງ
ໜ້າບວກກັນເອົາໂຕຫຼັງ
ທ້າຍສອງໂຕບວກກັນ

154:"?"8,6,9,5
8
8
5
8
6
9



365:"3"9,5,3
2
8
8
2
9
1


484:"6"2,8
4
8
2
4
2
2




181:"4"4,8,9
8
8
8
8
9
9



681:"1"4,3,9
3
3
8
3
4
9





151:"1"1,9,6
5
5
5
5
6
6



783:"5"1,6,3
6
4
6
6
5
1



695:"8"7,4,8
8
8
4
8
5
4



280:"6"8
8
6
6
8
0
8




163:"0"7,9,4	
8
8
6
8
7
9



153:"3"8,6,7
7
7
5
7
6
8



317:"3"7,4,8
9
5
3
9
4
8



523:"9"5,7,3
8
0
0
8
7
5




129:"8"0,3,4
0
0
2
0
3
1



124:"2,8,4"
1
3
5
1
2
8


560:"5"1,6,5
9
1
0
9
1
6	



543:"0"4,5,7
0
2
0
0
9
7



743:"8"1,8,6
2
0
8
2
1
7



557:"3"7,0,2
5
7
5
5
0
2



255:"9"2,0,
0
8
0
0
7
0


663:"6"9,2,3
3
3
6
3
2
9




772:"8"9-8-3
4
2
9
4
4
9



110:"2"2-1
0
0
1
0
2
1




193:"0"1,0,2
1
1
9
1
0
2


283"8"=>8,1,0
1
9
6
1
0
1


357:"3"=>3,5,8
3
9
5
3
8
2



151:"9"=>6,1,3
5
5
5
5
6
6


377:"5"=>0,3,4
5
1
1
5
0
4



419:"9"=>5,0,4
2
6
4
2
5
0


751:"7"=>1,6
1
9
5
1
2
6



553:"5"=>7,8,0
1
8
5
1
0
8






161:"3"2,7
6
6
6
6
7
7





387:"5"6,5,1
6
5
4
6
1
5



693:"9"6,2,3,1
2
4
0
2
1
8


395:"8"2,4,8
5
3
7
5
2
4



371:"6"8,1
9
2
1
9
0
8



324:"5"2,6
7
1
6
7
5
6



411:"4"4,1,2
4
0
4
4
5
2




143:"5"5,7,4
6
6
4
6
5
7




715:"8"2,7,8,9
1
0
7
1
8
6








390:"6"=>2,9,3
0
6
7
0
2
9





211:"0"=>1,3,2,6
2
0
2
2
3
2



283:"5"=>0,1,5,2
1
9
6
1
0
1






353:"8"=>5,8
9
5
5
9
8
8



7,1,4,0
422:"3"=>6,8
6
0
8
6
6
4



410:"2"=>4,5,1
3
0
4
3
5
1


0,1,3,4,7,8,9
2,5,6
389:"0"=>3,8,9,1,7
9
4
4
9
1
7


155:"7"=>1,9,0,6
9
9
5
9
6
0


580:"6"=>3,8,5
1
3
0
1
3
8


220:"0"=>2,4,8
2
0
4
2
4
2


1643
025789
321:"0"=>2,0,8
4
0
6
5
3


561:"5"=>0,7,5
0
2
0
0
1
7


317:"1"=>3,4,8
9
5
3
9
4
8




487:"9"=>4,7,2,5
7
1
2
7
2
5





129:"9"3,1,0,2,9
0
0
2
0
3
1



645:"7"=>0,9,3
3
3
4
3
0
9


387:"6"=>3,1,5
6
2
4
6
1
5



149:"7"=>3,5,2,1,4
2
2
4
2
5
3





665:"7"=>5,2,1,7
5
5
6
5
2
1


652:"6"=>1,7,0
1
1
0
1
1
7



355:"2"=>8,0,5
1
7
5
1
8
0


559:"6"=>0,4,5,9
7
9
5
7
0
4


343:"7"=>7,4,2
8
5
2
8
7
7



571:"3"=>2,8,3,7,4
1
3
5
1
2
8


5841
0,3,6,7,9
572:"1"=>2,9,7
2
4
5
2
2
9


591:"2"=>4,0,9,1,6,8
3
5
5
3
4
0


592:"5"=>4,1
4
6
5
4
4
1


374268
481:"2"=>2,9,8,0
1
5
6
1
2
9

263553
353:"5"=>8,0,1,9
9
5
5
9
8
8



016872
553:"8"=>7,4,
1
3
5
1
0
8

446314
575:"3"=>2,5,7
5
7
5
5
2
2


462624
474:"6"=>1,5,6,9
3
7
8
3
1
1


462624
142:"4"=>1,5,6
5
5
4
5
5
6


589256
127:"2"=>3,9,8,1,2
8
8
2
8
3
9



845976
461:"9"=>0,7,5,4
9
3
4
9
0
7



381193
559:"1"=>5,0,4
7
9
5
7
0
4




306774
387:"7"=>1,5,2
6
2
4
6
1
5



287947
154:"9"=>2,6,9,8 =>ເນັ້ນ6
8
8
5
8
6
9



287947
651:"4"=>7,8
0
0
0
0
1
7



750155
497:"1"=>4,3
8
2
6
8
3
6




355:"2"=>8
1
7
5
1
8
0

147"5"=>1
0
1
4
0
5
1


02479
13568
770:"9"=>7,5
2
0
9
2
4
7

02357
14689
755:"0"=>2,5,0,9
5
3
5
5
2
0




154:"6"=>1,9
8
8
5
8
6
9


134689
0257==>02
681:"4"=>4
3
3
8
3
4
9


124578,639
03
475:"5"=>2
4
8
8
4
1
2



0137
245689
699:"6"=>5,8
2
2
4
2
5
8



7096
123678
0459
267:"7"=>0,4,5,9
1
1
2
1
8
3


815538
521:"6"=>
6
0
0
6
7
3


664382
393:"4"=>
3
9
7
3
2
2

721:"9"=>
8
0
4
8
9
3


0,2,3,4,5,7,9
1,6,8
723:"9"
0
0
4
0
9
5


023479
1568
349:"3" => 0,5
4
0
2
4
7
3




234598
0167
485:"1" =>
5
9
2
5
2
3




013586
2479
553:"7" =>5
1
3
5
1
0
8


435816
1234568, 0,9
123:"3" =>1,9
4
4
2
4
3
5

0,3,6,8,9
1,2,4,5,6
363:"8" =>3,4
0
6
8
0
9
9


261:"8" =>2,6
125678 , 0349 	
7
5
2
7
8
7


114:"9" D:12345, 67890
4
4
1
4
2
5


714="5"
0
0
7
0
8
5


753="4" , 5,3,2
3
1
5
3
2
8

0,1,3,4,6,7,9
791="8"
4
3
3
4
6
0

0,1,3,5,7,9
2,4,6,8



350=>"5"
6
2
5
6
8
5

593=>"0"
5
7
5
5
4
2

644=>"8"
2
2
4
2
0
8

371=>"4"
9
5
1
9
0
8



### ຖ້າມີຄູ່ໃຫ້ເອົາເລກຄູ່ ເຊັ່ນ: 55 ໄລ່ແລ້ວໄດ້ຄູ່ 11 ເອົາເລກ 1
355=> "1"
1
7
5
1
8
0

### Remark if position2 match with title then just plus them or get position 5
351 => 8
7
3
5
7
8
6


### if the result under 5 then use last 3 number plus each others or get the first 2 number times each others
113 => 9
3
3
1
3
2
4

### if result number not match any title then get position 2
543 => 2
0
2
0
0
9
7

### if result number not match any and there are 2 numbers doubles then get position3
767 => 2
8
6
2
8
3
3

### if result number not match any title then get position 2
581 => 4
2
4
0
2
3
9

### if only has 1 couple then use the first positon - 2
521 => 4
6
0
0
6
7
3



387 = > 1
6
2
4
6
1
5


571 => 3
1
3
2
1
2
8

413 => 3
6
0
4
6
5
4



6 7 3 => 3
4
4
2
4
3
0


1 5 3 => "9"
7
7
5
7
6
8



155 => 9
9
9
5
9
6
0

193 => 1
1
1
9
1
0
2

194 => 0
2
2
9
2
0
3

145 => 9
8
8
4
8
5
9


1 6 0 => 0
5
5
6
5
7
6


352=> "6"
8
4
5
8
8
7


241=> "2"
5
3
8
5
6
5

383 => 1 
2
8
4
2
1
1

551 => 3
9
1
5
9
0
6

567 => "1"
6
8
0
6
1
3


6,5,9 => 6
8
8
0
8
1
4

397 => 1
7
3
7
7
2
6