
2023-02-12 16:03:03
08,10,05,27
12,06,01,04
13,05,32,21
06,16,13,37
16,27,17,13
12,08,17,06
02,06,09,39
10,14,07,31
08,29,17,13
01,09,34,23

2023-02-12 16:04:42
10,04,03,27
14,16,05,25
06,12,15,04
08,23,01,13
04,06,15,14
06,02,11,21
02,23,13,15
10,02,17,18
08,29,07,07
14,29,19,05

2023-02-12 16:04:49
08,37,17,05
10,18,09,08
02,14,13,12
09,17,22,25
16,23,13,17
06,37,19,17
10,21,05,15
13,19,26,33
02,14,05,08
02,14,17,25

2023-02-19 18:03:18
14,27,05,15
12,25,01,01
40,25,15,09
14,25,11,15
14,23,19,17
24,21,13,17
15,40,35,03
15,19,21,22
02,33,07,01
07,09,23,32
