2713
9151
3565
1160
7183
4222
3603
0460
9239
2624
8408
1193
8936
7133
4579
5976
2433
2433
9548
4354
2575
7803
3518
2134
8410
8303
3548
1961
6124
3611
2633
4605
2575
4354
9934
4973
3603
7044
0172
4354
6198
8408
4416
0091
9848
7133
4354
9848
2624
7476
8881
1044
0616
6770
5235
0107
9902
2167
9970
7543
2633
4605
3603
0617
3603
2575
3611
8881
2633
4270
2713
9481
8408
1498
6310
2167
9304
9304
1847
2153
0091
5339
2170
0617
5302
8131
0125
4973
5302
0172
7448
9481
8347
4973
8408
0017
9838
7476
7476
1400
1498
3603
0709
2101
7133
3603
9848
2624
4174
7947
9749
4824
8881
9239
0709
7913
4416
9749
6339
4132
9848
1839
2624
2633
2781
4102
6339
0617
6339
3124
2170
9481
4316
2713
9749
1498
7133
1193
7183
1400
6198
7183
8177
4329
1667
9749
0172
7476
1132
6339
8177
8408
4416
5235
2908
6770
7543
9481
7947
7642
2007
5339
7642
7543
6774
2576
1132
9925
4605
3124
0017
3518
5319
9749
6124
1919
6990
0091
1847
8410
2433
3553
7913
4270
1193
7448
7543
3611
7543
6975
5302
1839
3738
3513
2170
0616
9636
1498
0325
9838
6314
0617
4824
0616
6310
2007
4270
1498
9838
7448
0091
9838
9749
3124
0091
6339
9902
1049
4329
0619
0619
3513
8131
1193
3124
2152
1193
1400
0172
2433
7476
2170
9614
7448
1132
6124
2134
7642
9614
4502
0154
0154
7476
8408
3603
9636
0107
7133
0616
2170
3548
7448
3548
2713
2713
6124
2152
9304
1044
9614
1961
2576
7476
1044
1961
9614
1919
9902
1044
0017
7448
4416
5319
6198
0091
2576
7642
2900
9749
1961
0709
3518
2576
3611
1919
2781
9614
4502
3548
3548
2781
2576
2576
3518
1961
3738
2624
4973
1938
0616
4605
3937
7947
2633
3611
3548
3548
9970
