7371
7368
1183
8843
0883
7579
8869
9864
9875
9175
7893
6177
3846
1183
2869
6583
7528
4850
3371
8198
3879
8186
9829
2833
2586
7893
8825
7564
8180
9877
4327
7118
7537
6583
3812
7593
8825
1373
8198
9871
1158
7186
5097
2997
6197
2997
9297
8997
9197
8997
6297
9997
3997
5997
4197
5097
2997
4997
0997
2997
1297
4097
2197
2097
3997
7997
5097
9297
1197
9197
2997
9097
0997
3997
8997
4097
5197
4297
9997
9097
0997
6997
2997
9197
3997
9297
5197
9297
8997
6997
9197
0997
7097
9997
4997
8997
5297
5997
9097
0997
9997
9297
2997
5297
6097
6197
0133
8756
2111
2411
6873
7963
1832
4043
8842
3391
4423
8275
4642
2657
2697
3697
4541
1663
1165
5311
5948
6060
5682
2932
8108
1923
1165
7016
6663
8369
3511
4468
4330
6271
6617
9809
2891
6009
3365
9664
0363
9095
2267
3876
8623
5857
8191
3233
7995
0675
8045
2249
0979
9387
0005
0185
2719
1881
2158
2612
7396
1100
6362
2506
7937
5800
3881
0365
6212
7351
6330
8557
7705
1465
5439
2550
0515
6987
1235
6833
8273
2970
3007
5853
1015
7736
5660
0105
8087
9600
0875
2601
8617
0527
5275
2673
2478
6658
8716
7758
0199
7870
4497
1203
6127
6739
6939
5879
3439
4739
3367
1439
4739
4565
9665
7627
8703
7739
9279
3427
1125
1027
9865
3825
2939
7639
6767
6657
6376
0022
7017
2532
6271
9365
1709
7928
7579
4438
6376
1648
6517
6560
1810
2429
7722
4032
5310
3899
3067
3028
3058
7242
1062
9717
0528
0643
2602
2831
5390
7738
8860
7089
9220
4838
5428
4152
9338
0601
5308
0452
6418
0212
8489
7371
3499
0631
0368
0640
2330
0472
6200
0690
5329
9382
1290
9652
9675
3672
7672
4301
6332
6652
7643
8662
2690
2401
9357
1363
3498
9426
6330
5297
0691
8269
2260
9609
6304
3678
3363
2667
9226
2318
7494
8498
0494
7610
2646
9268
8393
0681
8490
1243
5335
7263
9241
3279
2258
3617
2311
8649
5600
9632
0338
2598
6580
8583
7621
3617
3364
5574
9539
0338
9347
4560
8583
1563
5567
5380
7323
6623
4546
4648
3521
2637
4521
3617
9607
0589
5567
2673
0531
7502
4540
3599
7674
9586
9376
5548
9336
7573
2133
9964
4997
7424
3974
6406
1194
2434
2408
5444
1436
9482
2163
2133
5563
4919
9431
6479
2974
3939
2144
9544
7573
9473
1165
5419
7490
9933
5536
1590
6492
5469
5548
2411
3913
3178
6484
8911
9971
7940
4988
7111
0148
5563
3549
3186
9194
9493
3147
5514
1432
6929
3479
6992
5506
1580
5442
1936
1927
5403
2143
9133
7592
5191
3994
8403
2527
8464
0128
8953
4949
3440
7535
1911
3179
6475
4979
9909
0557
1576
1109
9524
0979
7197
0173
1582
0447
3123
7102
4415
0978
2553
8158
1471
9908
5157
4909
7408
4510
6429
5917
9579
8535
4173
7411
9935
2502
9434
4907
5157
8941
2539
2502
9986
6430
6416
6178
6546
8128
3586
1409
3543
9134
3357
1542
5364
1342
5531
7563
6388
7948
7970
6416
3476
3925
7971
9589
5475
6460
8568
4489
7560
1375
3456
9916
8949
1319
3556
7320
6331
6924
1909
9382
0378
9516
7379
8982
0494
3596
1902
1569
1430
1441
9300
5483
9375
4176
1228
6168
4332
1141
6182
4365
6382
9288
6410
3288
6193
1113
4335
5381
8289
8238
2330
2376
0498
1428
6167
5469
1172
0432
5230
4483
9429
2132
1129
3511
0303
6643
5151
2643
0549
9645
3120
6181
8173
4673
4532
4515
1664
3120
1689
8553
8536
0334
5335
4384
9117
9106
7152
9564
9509
7592
3120
2640
9101
8549
6592
6323
9142
1613
1553
7359
1549
3924
1677
1640
3998
1940
6340
3534
8613
3939
2634
6398
3913
3398
3648
1692
3381
2625
5918
0341
7311
1633
8923
6584
0305
3365
5338
1659
1677
7905
7896
2841
8172
8872
0158
1124
2192
1118
7831
0842
7896
5110
4849
0588
9890
8556
2896
3182
1589
2542
1111
6513
7175
1829
8510
3828
2542
8818
2521
1146
5118
4110
9864
0151
1172
4889
2881
8802
2524
3101
5142
5182
0521
1163
6896
8886
5113
6809
4571
0168
3101
6121
2812
9140
3529
1169
4163
5889
9525
5191
4356
0106
4009
2682
0546
9411
2050
0552
2081
3342
5413
0106
2613
6091
5024
9075
4510
7729
0518
4250
8128
3206
1061
1456
7763
1041
3040
2889
1004
9005
9752
3335
4172
0411
0202
4774
0903
0911
0607
8836
6432
9943
4814
6910
3153
2329
5750
6161
7408
6189
7761
4967
8491
8452
7043
7063
7317
4052
0110
6773
5245
6063
7188
8343
2432
7170
4349
4093
1872
6373
4100
7548
7218
6150
0805
3047
5337
3271
0598
6014
3224
0517
4024
6430
2616
7948
3239
6276
4289
3414
0240
6127
4281
9261
8835
6276
3732
5700
6229
7219
4636
3947
2472
9101
5070
6429
2705
1625
1619
4974
6147
6354
2932
1654
9370
4139
2991
3909
0949
3380
4302
9380
8407
4129
2039
6402
1984
8320
5453
4381
1781
5230
6093
7027
9024
5774
0249
7500
7117
6416
3544
2791
2750
5736
4881
9042
4208
1383
2554
1857
9050
6745
4848
1710
3073
9344
3100
0242
2354
9971
3033
4031
2784
1181
3137
2661
6944
0790
3377
3114
3023
2133
4443
4613
3793
3763
3961
5211
3480
0540
8891
4401
9708
4024
7441
1801
0029
0301
9930
9453
9873
2729
9675
4880
4183
0681
9348
3893
3041
8157
9683
9202
3053
3088
3831
8029
9663
0744
3542
0509
1840
6076
4218
4124
3163
0173
6904
0371
9107
8920
8477
2431
7647
1833
9327
1791
1423
0738
1145
7500
9905
4508
2509
4872
1448
7691
0103
4152
0477
0090
8477
9923
1163
9761
6784
1883
3749
0823
3539
1913
7437
5767
0391
7614
1817
8184
4250
0005
1467
1909
3573
7775
0134
7705
0805
4805
0950
3903
0370
1601
1631
6123
6439
4442
0275
9334
3683
3272
2300
0849
7793
2320
6237
4589
3767
1734
4363
0193
3898
8127
4410
1037
3040
0417
3883
8190
4783
9976
7973
9190
3561
2331
3039
7720
3452
0583
0377
2581
7036
2939
1331
1949
2993
3998
4598
7383
9004
0776
0405
3570
2535
0370
5467
0832
0561
6903
3717
1102
4103
0747
3517
5429
9702
4010
0775
1363
1735
9652
1624
4330
8310
4050
8925
6707
5727
7018
9609
9224
3242
3136
3640
4836
9784
7150
5361
8810
4120
4323
9111
9961
8027
8920
9810
2073
8448
7474
9009
1467
0620
5013
9884
9013
6933
6144
4139
7243
1989
3847
3293
1711
6200
0436
2688
1647
5052
2184
7910
4242
1349
0514
0191
0635
1925
0037
2083
5017
6030
9171
3261
8884
1149
9417
3929
8053
4488
3408
7373
3677
8032
4137
1740
2333
0338
6747
2314
1774
8870
9110
0302
1914
1727
2427
3267
5077
3467
3870
0513
8023
9145
3500
1789
0983
1152
4861
0391
1119
5407
2637
2598
6353
2698
6108
4041
0714
3763
2983
2050
6184
7475
1135
3910
5773
1031
2593
5400
3735
1613
6717
9302
1309
9930
0844
6191
4044
4172
2502
5484
3307
7473
3274
2593
3849
0504
1681
0702
4311
7184
0052
5050
9274
5330
8893
1941
6988
7263
6233
1998
9801
2732
9200
1742
7657
0420
3113
9400
7345
2700
4173
1716
9942
8975
4461
1867
5005
9825
7501
5742
7641
5410
7693
9400
7781
1335
2552
8371
7423
0105
3224
8363
1477
6935
0830
0510
5034
0950
6357
3293
2919
4581
1453
9913
4911
1793
5393
9800
9791
4790
6920
6132
0257
7298
2531
0010
6216
4338
1807
4210
4357
1916
1789
3311
1008
6319
4909
3388
8919
5384
0180
8040
8001
3447
9348
7152
4233
4402
3088
3348
2093
2040
5325
1901
0542
3313
1718
0505
8461
3044
0941
2749
9083
3839
0650
0109
1757
0271
0838
6437
6974
5077
6713
9050
0767
8818
2663
2083
5345
9948
2984
2049
6352
4441
7020
1931
6309
2532
8167
0383
1683
7234
2191
2967
4319
9790
6910
4871
2149
8300
0271
0911
4084
1176
8833
3477
9430
4113
9241
2333
1741
9705
3627
2743
0516
0877
1067
4852
4993
3348
3523
9001
4530
4904
5757
6270
6488
1950
7373
1016
4161
2739
9476
8873
8363
9933
0324
1436
4940
4429
7954
7041
7070
1019
1316
0454
9476
2461
4603
3108
5018
6927
2414
4149
2573
0119
4649
1754
5363
6111
2957
7491
1143
3783
9138
4498
9914
7301
7367
5045
6974
6744
1988
6723
3072
3744
1991
3381
7943
0552
2184
9830
9289
9088
5330
3017
4927
5242
7919
6934
6444
3207
7307
0035
0737
6963
2535
2105
3683
2991
2423
2338
9141
5717
3867
7657
4741
0227
7430
7940
0952
9241
8317
7300
4947
0603
5332
7304
6257
2625
2988
9347
4033
1898
2125
4634
8073
0952
0253
4403
1127
0605
1333
4645
3347
7077
0802
6700
5750
5313
1725
3649
0090
1390
0240
1841
0601
3671
2552
6067
9398
3675
4514
5737
9298
5381
0007
3034
0348
1098
4033
7918
2448
4838
2763
1643
2423
6207
9390
3317
9119
4084
0567
0424
7140
4633
4335
0407
5383
1488
3602
7025
3544
9850
1120
0873
2004
5700
3975
3705
5011
3848
9271
0472
4889
4388
3104
7535
2608
4557
0734
8125
2730
0005
7202
0777
7324
8884
0289
0093
7771
2324
7774
6301
2620
3125
2001
8491
7008
3441
3925
3888
7353
4835
5272
2637
3674
1127
0045
0842
7423
0289
0557
8325
4453
2357
0824
0789
3198
7284
2150
2131
4810
0693
0407
0835
4617
1454
1053
2150
8302
8852
0553
1148
4772
8391
8481
9398
1036
4084
5247
0770
0137
0076
3908
7427
8361
5754
8461
6213
4633
7698
8998
0540
9947
6413
9371
6224
1401
3449
0702
7150
4274
2784
7180
8305
9424
4654
6313
1491
4604
9324
1942
0270
4784
2305
0676
9330
4277
4244
6040
3913
5274
8098
6047
9981
8319
7313
2030
9842
0093
5419
0508
3298
1904
1708
9889
7623
3474
7472
7104
3929
4745
4204
0074
2677
4739
4749
4653
0737
9141
2731
5713
8383
2634
8418
0031
3836
4254
8801
8949
2773
2563
4519
2111
2607
7457
4917
0002
7153
0145
4816
9311
3693
8332
2639
1301
4048
4905
4013
7175
0511
7175
3874
2175
0198
1616
4789
4517
6063
2918
7244
8435
7257
5489
0761
2114
5293
2183
2784
2047
6276
8972
4533
0208
6454
0070
7225
0818
6436
8327
2989
5273
8053
0424
6235
1493
7452
9240
5449
4661
2324
7100
3643
9114
9847
5202
1602
7691
9323
9898
0123
0429
7238
2384
1077
1989
0533
5453
3125
4708
7489
9302
9945
4941
2617
2408
0533
7535
9138
9847
9147
2627
0638
3807
5727
1711
3601
0737
2018
1047
3481
4677
4539
1175
5231
9800
1140
1972
4001
9488
9377
6224
4219
1449
7103
7057
9154
4747
7435
8083
1757
4663
6708
9133
6411
2373
8841
7061
8381
4911
9210
4998
7170
2373
7242
4871
2924
4772
9308
9319
7352
8825
4275
4242
0229
3452
7367
5424
5737
3634
4781
6093
6184
2042
1993
4580
1101
2127
9957
7680
6248
5717
6276
9305
2636
9134
4993
4057
7352
6402
2557
2920
7093
2018
2474
8391
9334
9457
8344
2071
1619
5253
2718
7303
3657
4611
0448
3930
1701
0605
9893
4039
8843
1734
6263
6200
5081
2080
3929
8307
2142
6234
2738
7425
4071
1611
3148
2181
2680
1993
0244
7127
4893
7333
7640
0171
7070
9933
7450
1432
8041
2000
0474
9461
2161
4919
0870
3271
0667
9224
3940
2067
7311
6414
4277
8098
0029
1320
9893
1425
9233
7336
0413
0117
9139
5000
9853
3114
5730
1133
0170
9439
4619
2533
6243
9844
2339
3680
8814
0248
8375
4735
0545
8832
6383
3114
9219
8032
1313
0483
1175
8905
4847
1371
0845
0277
8049
9440
4042
9430
0437
0840
4529
8843
2323
7208
0288
2023
1729
2793
8389
1102
3254
2927
3605
0030
6132
7370
6142
8841
2189
8098
9939
8331
1148
9189
4230
0520
1419
3452
2089
8449
9805
3120
4654
1605
8448
6342
0214
9833
0223
9810
9283
8883
6118
1741
0024
6311
8929
8443
0240
9845
2745
6002
2345
4537
8061
9476
3189
0788
1444
2011
8934
7067
4572
7439
0442
2745
1308
8033
9893
6131
5732
3637
4277
3642
9324
2935
7149
1013
1998
9488
9953
1754
2903
4989
4843
2088
4277
0042
7437
7137
1701
9219
7516
4518
7680
3811
7524
0584
4733
3901
0181
7516
9452
7680
1102
9404
6203
8813
2129
2113
2425
0476
0176
2370
9144
9857
9414
9405
8343
3173
1114
8961
1984
8943
1683
1776
1142
3954
1743
3211
2393
6476
2184
8433
0842
0847
0047
0844
0143
5030
6323
0547
2352
2520
6701
0661
3449
4067
7242
4214
5463
1089
9377
2493
9954
3480
4943
5061
6323
6311
7191
4604
2935
2398
6776
3657
0548
0842
5281
4802
7445
9831
0057
2025
1423
3449
1147
7457
2404
6200
2510
3191
5233
9963
3604
3202
7298
8834
1040
8447
8998
5244
6181
9954
1104
7074
9223
2949
7430
7648
1988
0411
3919
4241
1391
8003
1663
8998
4216
2627
2337
5437
1113
7311
4753
6152
6277
9819
2027
3218
6244
0502
2445
0611
4772
5019
9119
3445
8350
0677
0713
4898
5436
2913
7423
6101
0452
9142
9441
8084
7553
5057
7388
6371
3247
3803
3132
1089
4580
6424
4520
2577
7393
5463
5700
1420
0681
2414
6338
0844
0471
6127
4029
9236
0171
1439
3630
5284
9998
6131
2941
7313
8874
3225
1973
1773
0104
5461
6734
9414
0683
3225
3281
1103
0167
4991
7205
2902
2748
7371
2324
7570
5004
4513
0434
3442
0120
6740
1338
8935
3443
0093
1181
9308
2320
0634
6129
3661
9193
7217
4891
7563
3624
7449
3917
2053
9384
8337
7277
1775
4940
0749
1127
6344
2150
1948
3130
2452
2053
1738
5049
7177
3904
0791
5003
5024
5040
5288
4273
2407
2310
3684
5043
0218
6325
7104
0408
5053
3919
4076
6353
5705
1774
6116
5767
8889
9348
9876
8429
4648
9149
1137
9943
6005
4911
7545
2661
2500
3632
4619
7505
7661
7505
0540
4544
3636
1657
7513
2593
7645
4619
2502
7505
4543
7604
7505
7644
2661
0635
0523
4510
7672
0610
7571
4693
1644
7645
7673
4548
2627
0636
0525
0552
1639
0561
0681
7614
4610
2635
4517
1630
0624
0540
0629
7514
0613
2530
7591
0689
4504
7648
0532
0571
0643
7619
7591
0634
1698
0676
0534
4641
4517
0663
1670
4642
2644
2511
0513
4524
0691
7673
2674
2550
0663
4689
7524
1635
2654
2652
7636
7523
0627
0575
2507
7541
0650
2613
1623
0605
7675
4571
0523
7561
7524
1613
4576
0505
7538
4640
1670
0580
4547
1613
0589
1629
4549
2611
4535
4623
1620
1619
2527
1663
2533
4637
4520
4589
1602
4573
2577
7644
7667
7554
1636
3602
2600
7553
2652
1617
7547
7591
7517
2503
0517
7635
4607
0581
0552
7674
7598
3673
3632
2532
7616
7535
4654
2511
4531
3673
4554
4517
2520
7617
2547
3616
2652
2683
2627
3654
0535
4677
3681
3618
0524
0598
3624
3636
7640
2683
1637
0629
4698
2639
7541
3618
1623
7667
2672
2593
7672
3637
4516
4645
2611
0680
4548
4681
2636
4591
0691
4613
2504
1647
2657
0567
1675
2648
4645
0503
2663
7613
1633
1648
7653
0657
4529
2672
0671
2557
2554
3643
4680
3629
0573
2548
1674
2533
4574
7575
7648
4616
0570
1673
1602
0588
3675
7503
2542
3674
0502
2571
0648
0532
7573
1614
2550
2500
4640
1654
1601
0532
3604
4639
7550
2680
0519
4501
2531
2552
1681
1602
7588
7540
4519
7640
4503
4516
1600
4543
4518
2671
7683
3642
1683
1676
3681
4673
7640
7675
0537
2563
0642
0511
7691
2684
2605
4570
1625
2601
4688
7633
7501
0657
1633
3661
7534
2520
2681
4523
7617
4607
7667
0588
3631
7616
7542
2520
4643
2681
0641
7617
4567
1680
0538
2640
0630
0572
7616
3604
0510
7644
0625
3667
2545
3698
0577
0636
7572
2663
7577
4688
4633
7519
0650
7561
2698
7572
7535
4577
2663
0650
4661
4561
7534
2652
4510
0537
7675
0516
2663
3643
0637
1653
7535
3624
0567
3636
3674
2616
4627
0508
7613
2532
0642
7619
7513
0510
3680
4644
1614
4519
1683
7552
7575
7677
4574
4514
2671
4676
0557
4517
3638
4649
0607
2554
3654
7637
2581
2553
0501
4541
0542
7588
7616
0527
2535
2523
4584
4543
0614
4543
1636
0588
4588
0510
1673
4611
0518
2619
7524
2527
2505
3648
7572
1652
4647
0631
7544
1688
0508
0550
4643
4640
4535
4517
2545
3623
3632
3674
1688
7501
7573
4575
4510
7633
3613
2535
3698
1674
7684
7584
3636
0554
7501
1681
7649
7667
7531
0533
4652
0588
4588
0576
4683
2623
2652
7684
7652
0661
0547
7617
4567
7684
7610
2548
1676
2623
1614
2620
1633
2500
0500
2548
1691
2542
1632
2581
2667
4567
7533
4674
7518
2620
7570
1613
0633
4647
2502
7639
0508
1650
3617
3673
0632
1653
4618
2625
1676
0508
4554
0538
0640
3673
7614
0650
4523
2511
4550
4647
3684
1684
0632
4573
2531
1684
4545
4654
7533
0570
7647
1643
7570
4620
0530
0633
7511
0511
0633
4443
6331
0471
1120
0534
0149
3543
0567
2191
0004
2971
7417
7103
4671
6235
9152
0573
3471
8188
1941
3041
9276
2927
3433
3991
0248
8476
1174
3673
2549
1153
7110
3207
3433
4980
7353
2620
8833
7681
0273
0880
2127
1793
7423
0380
6772
0530
0370
5353
3740
3414
7619
9927
3119
0423
5734
2130
1914
2177
4570
0101
9198
0716
3540
2384
1810
3708
7681
2620
1311
4323
4974
6316
6320
0808
5480
6000
2011
9371
0227
0213
6035
7753
0104
0788
9272
7207
6473
0539
3043
3139
3552
4748
9203
7431
3140
2540
0425
4613
2316
7127
3427
9203
2110
6030
3281
3119
5275
7253
8184
2932
5343
5200
3077
0323
9107
3000
1352
8403
8070
5380
3710
1043
4871
8043
8473
3443
3718
6091
3640
7034
2904
9974
3317
8098
2714
0467
5770
0837
3304
4489
8417
0403
2403
8340
2304
5770
9343
8148
3152
3318
7552
3204
8852
4741
6202
3001
6407
3247
3289
3273
6376
4004
2998
2707
4400
4603
7141
3700
0104
0389
0033
0611
4847
5725
8311
4801
6737
8401
5314
3752
5074
7288
7473
0874
8330
3674
3776
3793
3272
3683
5025
3202
0670
4557
4438
0553
5717
8174
4419
9919
9391
0670
7435
7004
8380
4308
4500
2091
3273
9977
9475
4843
2138
5493
3283
3571
4074
4949
4718
4688
0438
0373
0088
4413
1427
0502
4719
3702
4433
7202
9335
6093
2583
7453
3840
2037
2772
0218
7503
4011
3239
0789
7453
3074
0219
3673
3061
4889
5257
8808
3793
1937
4900
1347
1814
0576
8823
3101
4367
3820
7393
0470
0323
3131
3802
4918
3291
6370
0803
3317
0716
3627
1031
4314
4335
8016
0314
2135
8819
0539
3804
3000
9388
3934
3504
3271
3176
0543
6023
1334
4530
2903
1198
4374
7616
2320
2302
6725
2089
8861
8471
1427
4075
0571
4030
9330
7310
0398
9931
1877
7717
3818
0275
1704
9475
2184
2171
6004
0757
1393
1081
5011
6281
5493
4491
9349
3413
2176
3873
0316
4504
7017
9123
2148
7702
0237
1191
0207
1349
3070
4384
4467
2018
3957
7733
8084
9311
7335
2052
4784
3232
3630
1332
5214
1143
6240
5441
6761
6030
1757
3574
7467
3719
7276
1771
4939
5457
9349
0013
7637
5433
3435
5789
0020
3931
6373
0873
1884
4940
3853
3131
2584
3272
6207
3148
2401
5014
9225
7303
4001
2061
7331
8089
2388
8102
8003
4335
2161
4053
6218
4438
7427
6313
3010
5418
7673
2989
6432
2372
3318
6337
7289
4714
3104
7184
6437
3225
3930
9174
7381
0843
2191
8339
7601
4902
3404
8313
2061
7657
8484
8107
1037
5214
4352
3307
3953
0027
9417
8484
5711
1037
5400
4473
1432
3123
4281
5025
0735
6371
4083
6714
0102
3953
6743
0493
4211
4484
7714
3539
8441
0810
2932
3717
1883
1916
0557
6743
4437
2952
3776
3981
1081
0633
3847
2031
0525
2374
8849
3613
1016
2123
0535
0013
5730
7708
4637
5798
6757
1020
4538
3671
0693
4317
4772
3519
0035
4933
3983
2767
0330
3516
2391
8337
3802
5452
9313
2141
2925
7333
9183
5081
2020
3423
5452
7032
4074
7484
2400
6416
3767
7311
1461
1120
3177
6225
4338
4937
0608
4677
1841
6781
8003
3361
8830
3398
6031
5241
4775
8118
3634
6234
3638
7181
4923
1943
6749
0137
8489
4213
3089
4903
8001
2008
3693
2140
9331
5053
0053
3737
4208
0607
6713
4716
4588
1025
7302
8840
5000
3737
9203
0607
0043
7157
2072
0230
1483
1101
2435
4373
0074
9333
4500
8831
0783
5775
5727
0604
2348
8443
1347
0732
9900
0074
5027
8372
8835
1141
8801
0775
4237
8471
5470
1898
7516
9331
9961
0007
7617
7772
5761
3234
4425
7630
0883
4088
2088
0007
8411
9177
7217
3293
7532
2384
3011
4967
7780
7604
4720
1800
3561
5270
4913
9367
5461
1025
0270
9107
8861
4037
5761
3784
6713
8417
1181
8101
0591
8837
3630
8037
4347
4504
1016
5061
7189
2617
2374
9118
0880
2418
0367
8001
7561
1448
7700
7688
6335
9980
7501
6417
1884
0476
7049
2077
3134
3534
2161
3648
4731
0323
8040
3632
3402
7170
9227
8807
7323
7411
5488
7732
1323
0157
2303
7701
2332
1419
4473
6408
3272
0557
7175
0432
0630
0334
7608
4473
4383
3773
2607
0100
2453
7549
1740
1932
8418
6404
8100
2019
0393
0237
1913
1793
3101
7433
2907
3407
4772
7170
0020
7575
0343
6311
3770
2711
5743
2602
8317
4431
3823
2541
8853
2030
3114
3249
8002
0176
3847
2973
7584
3541
4425
7731
1808
5388
0876
4475
8840
8438
1407
3372
1181
8334
2103
3291
4323
0417
2313
1047
3373
0149
5734
6304
8034
3138
4916
5232
7375
4830
0302
3677
8034
1372
6348
5714
8002
3000
7638
4271
0241
2671
9183
3357
4233
1019
2317
3843
3501
9448
9967
7316
7348
9940
8053
2417
3661
0093
4780
0770
1902
3771
6220
4876
4572
0740
1188
0810
2383
3353
4214
1180
4789
6419
0052
5238
2598
1781
9434
7113
7610
0814
9427
1007
3747
8375
0874
3157
7600
0073
0073
5311
4998
9948
7184
9213
6384
0440
6023
7298
3571
3281
0441
6384
5704
1172
9139
4637
3433
9138
8802
8023
6488
7784
5317
7577
0489
8038
2949
0780
4661
8181
4775
9277
4237
4816
6318
4884
1198
7034
0177
2157
9475
4352
1134
4908
7147
7739
6011
7430
4647
4757
2719
3638
4473
6472
3411
6761
1147
4938
7757
5414
2557
4411
2752
3772
7718
2367
2432
3914
8425
3474
6740
0120
9447
2733
2381
2952
7277
3067
1040
0176
8431
7388
8847
6718
0648
6211
3683
4516
5404
6713
3141
2667
1167
0648
9993
3302
4225
3201
2917
3672
3952
3233
4010
6071
3535
2074
7717
1340
2572
0838
7232
8393
7238
3533
0038
4839
7572
6034
6027
8483
8114
7793
3039
8832
7138
0520
3772
0077
2601
4647
0702
9343
0208
8181
8114
4748
9441
7631
4872
8452
9152
4330
2372
7371
6449
8891
1780
2584
4934
4239
4088
4604
7714
3380
5733
4630
0098
2139
9148
2449
5430
7747
8076
3072
0113
0413
8141
7340
3330
0527
3970
6273
4010
7700
5270
2061
9917
0798
7611
1333
3101
3793
1848
3577
8002
2047
0774
4934
6439
0780
7000
3900
3583
4353
8870
6467
4688
1475
0231
8108
9910
0643
4088
4317
9300
0837
4719
3889
7731
2448
3835
0832
7774
8437
5373
3361
0334
7335
7174
1840
1719
3632
7407
8180
1167
0652
2100
3573
2661
2327
7401
2632
3267
2077
3873
4547
1788
7274
9219
6253
3147
2675
7314
1008
6434
0038
3267
2677
3938
8448
0880
1137
0502
5007
6419
2461
0557
4231
3135
3120
7634
9367
0077
3913
7361
5447
9984
1739
3248
3939
7447
9313
0039
0403
1710
9440
6343
3831
2631
2067
4883
9238
8173
4625
3531
5049
4748
4403
7393
7548
7616
3227
4383
3471
4618
4649
4533
7704
8189
9967
8337
1134
4901
2723
7416
4403
2119
1971
9461
8317
1811
3874
6007
2735
2740
6402
7600
3791
0270
3889
9903
0540
5057
2676
7720
8171
2623
5708
3831
9172
2676
4498
4341
0040
4383
5208
4031
5414
8020
9135
9489
7493
4943
3640
3201
2340
0174
6313
3130
0223
5203
1731
7072
2518
0270
7589
6000
9449
4991
3038
3939
7427
1361
0531
9443
6477
3727
1703
2447
0589
0180
8457
0141
3637
7519
6207
1043
3839
4481
2730
6233
0074
9271
9288
0838
4480
3443
3453
0072
5027
9443
0893
6357
7208
4816
3873
3013
4513
0380
4471
4803
8053
4452
2974
7300
9930
7313
0380
4980
0335
9104
3501
7393
5072
5316
4931
2013
3413
0540
1798
7134
0839
7637
4357
3967
1876
5011
0714
9332
0535
2434
3671
4972
3641
7447
5011
7019
2681
0489
8875
2189
7432
7074
0475
4376
2330
5391
3017
3048
6217
9440
2071
8370
0302
4747
4643
0035
3653
3641
3741
9120
5427
9118
6373
0511
0508
1743
0489
1408
9210
8432
8139
0088
6373
5776
8407
4008
0104
7719
0734
0035
2598
0088
0849
7573
4738
5727
2671
4688
6313
4576
9993
3980
5773
8047
4304
2127
6070
0802
2730
6072
6761
2077
4777
2788
7475
3867
4272
8002
0607
1053
8483
8461
0857
4571
7553
0771
4631
4488
1988
3347
7484
0584
2537
4013
2910
3511
4734
5048
3884
4383
8313
3104
3218
5053
0547
2181
7384
2131
5237
8110
2774
7519
0774
7349
0693
4081
3847
2420
8110
9120
4237
3119
2093
1875
0557
3116
2071
2972
3619
3133
0277
1025
6219
4337
7667
0320
4203
2149
9931
4541
0130
7675
6713
0210
4825
3203
1348
3581
4508
0171
8183
8113
4335
1116
7167
1940
2403
1423
0780
9370
9138
5711
4773
8071
4438
7770
6235
4835
7427
4498
1740
0767
4218
2110
3331
5484
9247
4648
3376
1740
8438
7634
4676
8040
7310
3774
4323
3752
0380
3400
1149
1710
7073
0839
9911
7174
5427
7738
3820
0231
2532
4818
0340
1010
2939
4753
3100
5480
8380
0367
4601
3418
5798
3735
0683
0084
2684
0214
0440
3988
0348
1833
0803
3372
1348
0504
3327
2611
5739
3375
5432
7634
4216
7523
3808
3391
4849
1314
4431
1341
3502
2588
0398
1388
2188
0803
2339
6434
5273
6474
9291
3276
6304
3423
5010
4034
4708
4998
3261
0832
1372
4034
2970
3234
2347
7274
8152
1853
0348
1449
8875
7510
7570
6070
7225
8848
4000
0153
7493
0720
1110
0702
0437
7657
2423
5007
4853
0089
2191
1020
8075
9291
7675
7148
4989
7708
2157
1102
8398
9423
3857
2533
4040
9901
1834
9417
0689
5707
9418
2091
2410
6433
4235
3972
2772
4013
7184
9141
6017
2316
8431
9389
8107
7702
1981
4883
0675
9231
6784
5434
3375
5057
1417
2331
9177
3503
3418
7443
7323
5403
9904
8832
4201
3461
1837
4580
8033
0138
7403
1057
4233
2418
1188
4457
2918
3207
6738
9113
0803
9143
2717
3976
9334
1001
0100
1773
2580
2702
9976
8343
8872
2717
9241
8830
9373
7672
2017
9177
2727
1402
8147
4061
7113
9319
0211
5253
6067
3088
2774
7425
0841
7113
0023
5277
4967
1032
3607
7398
4337
3314
4757
7593
0140
8831
9425
7661
7167
5793
9403
5011
3774
8874
0767
9498
9377
2510
5067
3088
3352
4643
4732
0811
8417
1980
9332
8427
5735
0402
1053
7177
2438
2573
8825
2977
7211
5735
4003
0613
0803
1003
1770
9443
4857
9200
0117
0488
1408
1370
5703
0016
0731
9110
7557
1704
8447
1725
6013
7372
4671
6208
5004
7588
4813
2603
0853
1925
0403
3081
4057
6480
4784
3174
6220
2447
0634
0880
2750
8305
0942
1718
1948
8376
1418
0725
0209
4310
7489
0707
2975
0883
1371
7654
9840
7931
3233
7950
3204
2116
0223
3139
9710
8024
6003
9171
7950
2410
4657
3061
9827
6711
6150
3207
0424
4984
9975
1743
9271
9943
8101
8401
2149
4423
3624
4440
0816
7617
8981
6727
4800
0303
9488
3111
4633
3242
9480
0004
6029
3250
9439
2940
7403
4391
8488
1998
0850
3331
8010
7110
3248
3850
7975
0672
8910
1717
1605
3923
2440
3248
6717
2934
4742
9770
8088
4188
4398
0710
6741
3225
9620
9350
2025
2380
4754
3308
0032
2330
1011
0890
4150
4742
4843
6919
7971
4841
7200
9898
9442
2425
2774
2070
8147
1025
6119
1391
0470
4400
2125
4727
7443
0342
8116
8471
3001
8141
7689
0071
9009
9741
2150
6791
0910
9100
8416
4489
3480
6448
7619
8893
2929
6313
7030
7039
3688
1631
2072
1819
9647
1605
0203
2623
8476
8190
6045
7113
0032
7161
1448
4740
4909
4876
3190
8304
1838
3448
1339
8807
8442
4043
7481
3990
2611
6147
1881
4372
6393
2001
1975
2393
4152
1838
1824
9833
1354
9911
4408
8008
1683
6267
9429
1834
4039
4900
1141
1849
9113
3127
1727
3223
8989
2147
0131
4134
9818
4647
6042
6041
0032
8924
1733
7648
9916
4749
1742
7411
0300
0854
8805
1484
9707
9632
8023
2116
9783
1447
3991
7431
2911
4380
6380
9424
6233
0775
9714
6104
3291
3417
0603
2189
6225
9830
0710
1334
8372
9172
1824
3838
8110
8172
3316
8372
9431
3034
1948
8902
7470
2040
6291
0849
1354
6783
6741
3433
2004
7604
4120
4330
3441
2990
0302
2040
3441
3334
3404
3932
6483
0230
9020
8049
9914
4403
6380
4719
2447
2000
3840
3391
4081
9947
3339
7270
3427
4267
4338
1008
3323
0180
3981
3307
4252
0667
8130
1803
9119
2198
8111
1747
2088
0274
9033
9000
8338
6911
1042
9632
0239
3623
0614
4700
9434
4643
1970
7643
7616
8842
9039
9907
2639
8310
4945
3408
7667
8029
9793
9608
8114
1725
4623
7191
1819
0319
8311
8145
8317
1611
3024
6274
3114
2334
0329
8448
2019
1738
9724
1084
1148
4157
0743
3601
0242
4117
3629
3310
1718
0438
7105
8918
3681
4767
9730
0298
8433
6933
7961
0739
9117
2740
8918
0608
1942
8034
0670
7491
8989
0320
2324
4988
8483
0427
2670
0090
9434
3134
8989
1883
3313
0148
3231
2648
7039
7054
0498
2011
1713
0188
2352
3890
2334
3833
0117
0898
1907
6116
2761
1332
4713
4623
9914
6943
2940
2700
4045
1311
3267
8117
3267
8171
9141
6289
7942
9375
2005
0804
9948
7218
0241
4927
8317
4840
1388
1083
8089
3325
2016
1023
1700
8317
0024
4301
1681
6271
0157
3808
1952
8318
4214
1801
7120
1602
7047
7011
4724
9830
2129
9870
9331
2340
6970
3402
6267
2375
3961
2104
4801
9467
8976
0098
0310
2729
0313
0393
9100
2625
6223
3804
4261
2184
2674
0780
2443
4938
1643
1327
3840
7432
3134
1743
4619
8343
3993
2003
2605
4988
2149
8357
2475
8072
3252
3072
1604
2907
4838
9130
3050
7413
9400
4933
1141
0316
3089
7291
6739
9054
1030
8019
8019
4075
9754
9624
9845
4903
8302
1888
0833
8088
7619
1708
8080
8129
0884
0972
1620
3434
9745
4417
3924
9888
3409
0123
0976
3632
3448
6350
6075
9147
8340
0010
7431
0089
3825
8324
3630
3357
1134
2116
0242
2074
9467
3949
0304
2425
1375
3498
2432
8884
9981
6181
8498
9932
3690
0438
4845
8039
4781
7204
3914
6123
8814
9045
6357
7932
8039
7204
2619
2932
9807
1931
1729
4114
7972
0001
7493
3048
9404
0234
3919
3657
1072
0189
0161
1909
2775
3909
1657
0672
4941
2120
1393
7017
3150
0402
3314
7149
4730
3331
0232
1761
4225
8172
4233
3942
6220
4002
7638
1323
8932
2757
1371
4767
8010
1757
2301
9991
7172
9770
9657
9823
6929
1824
4747
7676
8143
1747
0604
0802
3640
7100
1445
7900
8105
8072
1010
3374
0890
3931
1016
1117
4681
0313
7990
8030
8376
3993
6457
8183
8905
1404
8010
9219
6318
7224
6470
0061
7020
8990
1601
6238
1830
8010
7070
4672
3324
3809
7140
3388
4217
0840
7631
1808
0220
4233
3931
1974
1425
1171
3181
2754
3111
7670
2016
8316
0667
0229
9907
1372
4408
1767
7225
0889
9890
1950
8911
8354
9271
6454
3631
3014
4124
7139
8191
1852
3183
3684
0145
2681
3304
3831
7003
3390
4942
6154
9027
3150
2301
4043
7188
7293
9443
7917
6004
0827
9642
7924
6154
0023
3638
7020
3871
6084
8101
3198
6916
4440
6729
9367
1950
2301
3447
2939
0893
0331
9032
8875
9272
4420
2180
0303
7416
4725
1127
7605
1931
3209
3440
2714
3145
4211
6767
2080
8930
3439
0109
7181
0774
4384
3431
6261
8019
1639
8019
9443
4307
9819
3218
0791
9874
6707
4842
6132
3949
0816
6793
2739
4647
8110
0891
8443
9054
2172
9950
4948
4370
7290
8332
9808
4301
0434
4909
0757
1100
4257
7152
9220
9017
3661
0991
4004
3913
2989
8327
3270
0974
3081
3083
4907
3840
6108
9939
6090
4127
3481
9834
6141
2754
8488
9883
1698
2925
3850
1631
3348
9145
0384
0681
4267
3943
4052
1490
8834
1152
0290
9814
9619
8011
8113
6027
9080
6383
4307
3275
8493
0774
6947
2734
0347
6447
9774
4340
0338
9984
3405
0808
3348
1640
3913
0217
4254
6447
6903
8138
2308
7650
6307
4154
6483
9924
6417
8498
6488
4380
4483
4707
6270
0848
6416
9974
4123
4309
9809
6024
9181
4990
7191
1380
0108
0104
1440
8909
1827
8423
1083
9404
7411
4224
4124
9472
2020
7132
0175
9841
0743
9203
9710
2123
4257
3002
6989
2711
6147
3138
4110
2974
4852
1893
9014
1893
0650
8402
0081
3427
0150
7102
8919
4400
3038
4429
3042
4307
2029
7410
3011
6190
9393
9090
1107
9067
3430
9332
6205
8981
1857
6752
0684
4304
2667
1107
3903
7991
6074
3430
4849
0776
4070
1740
7419
4161
6176
1175
7067
8481
7604
0401
6471
2743
1604
1939
8908
6176
7604
0390
4754
4738
7916
7447
4231
7467
7020
3450
6142
4071
8148
8174
3109
9407
9800
4201
8423
9801
2347
8118
2305
2902
4072
6976
3938
4172
2767
7993
9410
9640
2493
3070
1647
3371
0018
8845
4252
0127
1093
9810
2333
0454
0684
0824
0101
4347
9139
2332
4667
9818
4827
0101
6711
9930
3411
7447
1017
9754
1950
7134
2345
0290
4067
7424
4248
9141
4014
8157
1414
4475
2154
2770
0114
0010
1719
1909
6914
3375
8924
4002
3989
1370
4619
4211
1918
6189
9109
3976
0400
9957
0123
3671
1631
4450
2090
4639
2477
0144
4391
4161
8191
9424
0111
8142
1113
6172
9370
3398
2793
6120
0131
9898
2181
7723
8343
9667
1663
9361
0644
2324
9167
2371
6381
0343
2700
9734
9661
7627
1334
9611
9881
1424
7716
4384
1617
7624
1443
9467
1113
0834
4384
1134
8877
6377
8467
3633
7141
0324
3177
9683
2619
9471
6772
7411
3600
4418
6170
3141
3461
7161
1736
2307
1302
7119
3118
8418
1631
4172
0381
2741
0867
0191
1172
9670
2411
0136
0348
2313
2410
4336
4689
1872
9720
4616
2720
9676
1801
2420
0798
8498
0844
3832
8898
2707
6772
0470
7672
6470
8143
9849
1317
0643
2142
9719
6300
1736
0481
1718
0493
7413
4436
1843
2161
6376
0811
3818
4307
4829
3676
2618
9849
8402
4877
4363
3632
0181
2617
9627
4419
6448
9434
8449
8100
1793
9448
3863
4334
4823
9349
0438
1663
4636
0681
3324
2632
4161
2332
2376
9444
7761
3183
7791
0377
4367
2623
2707
2119
7176
0820
4863
0672
2718
6143
0110
9629
8884
0644
9861
1391
2602
7629
6384
7727
2407
9432
3339
8331
4318
7429
7467
4639
2601
4717
1639
3139
3807
1617
1731
8849
8823
9339
1614
7444
9470
2770
0433
7671
7498
1129
2149
3431
1407
1172
9318
4114
6144
4319
0713
1318
1349
3110
6102
7411
1418
3823
0101
7107
9877
8161
9889
0667
3644
7400
0323
8402
7713
8448
4611
8419
7724
3414
3170
4331
6772
7433
4777
1767
6119
7416
0772
6301
6131
9189
0693
0898
1872
2791
1761
9491
9616
3814
3118
1429
9320
2743
8339
6420
4443
8189
0342
1117
1677
1677
9619
1616
4431
0113
1416
1639
9114
9793
9624
1141
9710
0663
8483
8417
1836
2442
6413
0448
6120
1342
4783
0131
1844
9719
0314
3639
9791
4889
4498
4814
1742
6372
4827
8116
8163
6443
4823
1848
9181
0714
9618
2323
1824
2143
0120
3443
6123
1601
2119
4829
0883
9883
6461
1863
1836
1623
6776
1602
9434
3431
6319
9407
1361
3423
1663
0181
3342
6329
3883
1184
1684
2676
4477
4431
9113
8389
1702
3436
1610
8414
6434
2724
8318
3891
0381
9701
9307
3884
1334
7636
7193
2724
4701
6423
7110
1802
7171
3400
0744
7118
9691
1801
8870
3384
0120
2727
6144
7632
3470
7181
8849
2429
1684
2493
8384
0600
1681
6734
7763
2611
1776
8438
7633
6761
2718
6120
0334
4418
4810
6763
3407
7420
7141
1877
6461
9161
9302
9129
1872
2667
8372
8891
1329
2319
9442
1736
8836
3841
6191
6383
0134
4743
9341
8427
1784
4314
4671
7661
4677
4491
0149
4471
7781
9323
4423
8113
1714
9302
1691
1636
1101
9189
6477
9491
3872
0827
8117
2636
9443
3361
9777
8117
8120
9677
6363
0717
8167
1642
4461
4436
1113
8111
9883
2616
6720
4801
3418
4889
4739
9839
8307
3819
7407
8381
8334
4183
1816
3183
0177
2707
2377
8836
4114
4741
9602
2149
3419
0701
4827
2114
0700
9191
2411
9844
4170
0884
6776
3644
1333
7711
4789
3871
1813
2183
4881
8377
3484
3839
3361
9138
1817
4411
4332
1491
0417
9707
1777
3810
0784
3361
1783
4617
1170
1800
1833
6176
8872
1732
3827
4170
9123
1102
9402
3461
3613
8848
0661
7117
2724
1383
9349
4823
1300
3171
3170
2483
3324
0819
0338
6348
2377
0301
7181
1381
1671
2611
3831
9139
9814
6134
7744
3183
4889
6377
4327
4701
8872
8498
2644
2319
1316
9844
3639
0472
9319
6467
2344
6434
0863
9717
9877
3139
1661
1716
9138
3624
3317
8333
9463
1419
0863
1448
6313
8134
9398
0331
8136
0116
1336
2498
1771
2671
7731
7470
8311
7443
2334
9629
6477
6411
1129
8381
0332
8807
3877
6416
2334
2411
0318
4344
7419
9720
3442
9802
1144
1820
4834
3123
0184
0120
8123
7198
2320
4807
8829
1633
6481
0111
3663
0113
4791
4418
7719
4883
6402
9610
4418
9198
3639
1817
4319
3381
9607
9311
2427
0136
1129
1719
8300
4107
0316
3323
7471
8148
3331
6107
3311
1716
4123
1317
3324
0434
1710
1363
6136
1877
4811
7670
3310
9602
7634
1824
1701
6367
8433
0300
6320
1783
4701
9448
0720
8343
1124
9143
1423
9719
0434
9319
1484
0677
6423
0463
8420
1816
9819
2442
1618
4863
2493
4113
6344
6481
0727
1661
1600
1610
0872
6102
2138
0676
0491
4877
8111
3823
1441
7629
0670
4302
9798
1729
3610
3444
3600
1827
9793
4627
3316
1324
2732
1417
2707
7793
1438
4442
7748
1713
4677
4133
2314
1142
2189
2720
3143
6777
3133
3844
3349
9177
0689
4724
8383
6738
1349
6414
8314
0767
1833
4339
4176
2163
1116
6707
3627
0601
1841
8393
3643
2311
1820
9713
4884
0870
1776
0431
6438
7661
4489
1434
6163
1832
2171
8117
1419
9684
8324
1427
3693
9367
9898
4867
6438
2627
6167
1634
7636
4438
3307
0313
8148
9143
2189
3481
3320
4176
4110
4638
1861
3342
2720
1819
1898
0827
3349
4816
3839
4727
8836
3117
1819
7141
4734
1781
3634
3307
7484
8119
4124
2384
7716
1834
0636
9370
4341
3367
8393
7491
1849
9784
0376
0741
8827
4149
9110
0310
8449
7416
6324
8870
9332
9136
2463
4849
9132
9311
9693
0120
0741
4117
6732
4707
1339
8376
6348
1184
0343
2413
6377
2118
4849
3184
3132
4677
0307
1401
9141
8376
9877
1710
9676
3648
1884
9349
6102
8332
0302
3813
1439
8424
6129
8807
7723
3648
7472
8149
0133
1677
1424
9491
1844
7763
4634
8813
3811
8313
9814
7649
7767
0341
8844
3449
3316
3881
4823
7618
9377
4343
9139
2389
0429
7439
1198
4338
6798
7123
2441
1610
1814
3643
0470
9434
4101
7633
0741
6117
7123
8143
7631
3301
8307
0893
9789
1631
4338
3418
0724
2311
4644
0836
2333
3639
1700
0363
6424
4701
4807
7700
0741
7724
1131
7411
9400
3177
9771
6344
6300
1383
4424
9684
4431
1149
6443
1432
2411
0691
8327
2332
1613
9877
3376
6191
7127
7684
2770
1642
4698
3863
7633
0323
7613
0702
0734
8883
4698
7100
8184
0634
1417
8113
4348
7170
0824
4772
0772
0824
2417
8338
0667
6449
4814
0718
7176
7423
0442
4339
6407
6113
4338
0301
4493
4843
8348
1719
9891
8184
1718
4791
3100
9339
9811
0677
2461
1772
0433
4749
8889
0341
9300
8449
2602
3193
9417
8417
2641
7761
3181
4493
3827
1461
1848
8441
1393
0371
9691
4877
4300
6423
9670
6181
8148
6118
2777
3624
9632
1716
6120
2629
1734
1124
7432
0691
7777
2761
4672
9833
0734
0467
8310
4663
9301
3634
4720
9319
9391
9133
4489
9789
1348
1649
0741
2343
1791
0613
0189
0429
0436
6781
0734
1649
2739
0176
3427
4732
9607
8891
9133
9829
8148
2348
1107
6171
0333
1143
6317
7724
6131
4317
4732
9370
1101
8143
2491
8143
1143
9391
7400
6114
7181
9732
0336
6324
4813
6793
4727
9744
1861
6729
8411
2727
9107
3342
2427
3407
4741
2477
2336
3801
8114
1142
9407
2117
7767
2642
3118
2336
8449
9171
6461
2602
0609
4461
6140
4827
2391
6707
8839
4898
8823
6703
4771
4437
0832
9380
4048
0298
2402
7783
0189
3431
1688
4043
1314
9250
4530
6150
6781
9288
5327
3171
3893
8324
5730
4738
7381
0130
1103
4052
8127
9036
3473
2150
8053
0470
0804
5042
2608
3277
7375
4352
0307
7350
3827
2198
5443
2611
7600
8902
1634
2184
0110
7371
3663
7338
9025
9434
2003
5332
7009
0802
4572
1914
4334
1453
2470
2763
4184
7147
2477
7075
2313
4690
4177
7138
4580
0291
4631
7729
3352
7300
3118
9380
6227
2052
4425
3293
3371
3050
3841
4708
4404
8142
1020
4476
7308
9757
3572
3276
1880
7250
1814
9443
2527
5475
0891
8483
5283
9342
3949
7014
6904
3435
1727
4114
9923
2141
3063
7634
1053
5327
9738
3847
2403
6747
9941
7470
3017
9275
1123
6704
7430
9424
7748
7567
5205
7319
1374
5318
1988
5273
9761
2073
6909
4163
1424
0561
1373
9442
0730
0981
7390
1393
3347
4616
0113
0088
9390
0614
7713
8935
5734
3118
9657
2605
7791
6318
4370
1630
8849
9202
0380
3381
4227
9449
6913
7339
1876
9275
6216
7136
4149
9201
3749
9098
7343
2925
2767
0904
0914
3136
7600
7081
7731
0437
2963
7320
0429
1807
6439
4823
5047
9691
1175
2963
5325
0448
5381
9227
6993
9303
1388
2720
3476
0213
6408
7723
2029
2019
0250
7481
8817
8001
5750
6333
1301
4009
6408
4317
3948
1900
7198
8057
0237
7252
0574
9041
2141
1316
4772
3107
5723
2384
3307
0548
3614
6116
8819
8004
0211
7601
0605
2198
9998
7414
9618
0200
3349
8180
9313
7383
6790
2013
9317
7384
8039
3767
9663
9338
3040
7536
4827
2620
0324
4284
5730
7617
1741
9833
3916
6747
0710
0867
6909
9148
3901
7004
8130
1384
3663
2127
9923
9843
4016
9910
7107
3790
9434
4480
1108
3271
1439
6002
9200
4050
0238
7303
3107
4384
0190
3253
6007
2140
1188
4670
9119
2183
4688
9210
1381
3020
9819
3123
2077
2343
4609
3307
9034
5484
4574
9000
2934
9183
0989
9471
4442
7341
4383
4302
8009
3693
7436
4608
0002
6761
4373
3807
3716
9933
1852
1770
3735
4074
5273
2435
4843
0571
8867
5343
4113
3916
4816
4609
6767
2141
9714
3363
9616
8917
5775
3703
6073
3725
0804
0990
9883
7308
8943
8836
2348
2061
1672
0273
2934
4201
4814
4909
0881
4813
8908
3276
2677
0867
2061
5347
6203
8398
3424
3141
6384
2632
1884
5788
4018
6272
2536
8405
7461
1708
7270
1018
3841
7239
4584
0870
6272
8413
7414
1457
6318
1623
2783
8033
4948
6414
0443
3813
7337
7273
7090
9357
8033
0241
7972
1643
8498
5337
9876
0290
2391
8153
4919
4448
1871
6424
6383
3442
5335
1102
3924
1163
6941
4634
4849
3388
0503
1141
9680
1932
5052
2788
1805
2438
0534
4770
7330
5723
4584
7138
0391
6432
3550
3630
8957
2070
3217
6973
9941
3667
3723
4298
3327
5240
1332
7083
3217
7771
4835
9993
3104
9409
4141
4173
0784
2374
3074
6970
0005
8442
3200
6429
9703
2023
9429
9210
5247
3775
7104
7338
6211
2517
4913
3203
0514
3681
0816
9630
0340
4417
8816
3405
9780
4976
1108
1930
2613
5772
6348
3005
8081
8140
0688
3935
8027
1731
5433
2977
3070
8977
4604
2118
2074
8923
4298
7237
1376
3388
0016
5701
3438
3853
2991
4240
1643
9398
6073
0298
6443
3240
1318
2067
5336
7419
3540
0633
8037
8903
1750
3819
1102
4374
0724
2048
4139
1077
0941
3490
0449
0209
9611
7198
7271
5737
3170
9475
3988
5024
1933
0988
2149
9352
9004
1001
2334
3834
9809
3404
9003
9193
3552
0872
2737
8447
1884
7974
4202
2431
8893
2447
6267
3910
2930
0320
1114
9343
5272
4710
7798
0549
7974
4772
3329
6219
5213
9237
9434
0418
1777
3620
9101
8333
6711
9409
2013
6227
4063
4232
1681
3623
5007
7989
1711
0405
8873
2971
6933
0063
6434
5753
2423
0048
4073
8334
8361
9683
4519
1843
3730
5004
0314
5781
7767
6184
3677
3834
2338
4910
0518
6702
4720
4202
1071
7441
4648
7440
9330
0519
2177
3240
2429
2070
0120
1790
3291
6173
6319
8090
8091
4157
9880
1150
2603
7008
0901
3742
5271
2742
9777
5402
7530
4708
7577
4763
0061
0557
0593
7180
4971
3588
3080
5717
0376
9331
1950
6001
9931
6250
0842
7390
4375
7342
4516
3471
7304
0993
4304
7747
6191
6005
8413
5711
2098
3281
4349
9842
3905
7683
5457
8438
7380
1374
3625
9010
4373
6900
1683
4031
3070
3105
2677
4436
7671
9303
6781
8961
2318
7541
4667
0219
2402
7274
4072
3414
0037
8429
4239
9675
4534
4327
8902
4072
1325
3398
2373
7147
9417
3317
2598
3101
5238
7407
7671
6011
0635
2929
5038
3798
5357
6470
2472
8423
9125
3850
6313
6088
4203
2080
1630
7253
6032
3838
7020
4220
3071
9624
7098
7677
4253
9188
9238
9707
3935
2924
7676
2620
3430
4411
4340
0518
4337
8491
6037
5253
6437
3617
3004
9350
9405
6963
8311
1330
2552
2110
3270
6167
7298
0784
4210
0004
4809
6484
6176
8929
8913
5783
0508
6181
9473
7638
0547
2372
3847
0834
4977
1688
5247
3752
1611
5223
2172
5407
0423
4200
1631
9017
6036
4030
2472
3300
3643
9635
8047
8324
2410
2952
1449
4091
4771
2661
6190
2034
9180
0311
6163
3411
2391
0984
9200
8031
0623
8380
3083
5389
2647
7077
9688
1661
3524
9133
2933
4161
7680
9173
0730
0676
5307
5032
7337
0838
4583
3652
9375
1372
1413
9691
7042
2010
4814
4373
2427
4476
6043
4541
7910
0363
6484
9140
7417
7167
9605
0814
0873
6039
7917
0880
4432
3040
7488
9339
0647
6134
8907
0774
1341
1448
3275
9791
0148
0031
1019
1137
3148
3529
3443
3250
5732
3400
3948
5450
3863
4052
3329
0570
3105
8007
1709
0733
1401
1005
7977
3153
9929
2614
0417
8490
8048
4620
6474
7611
6114
1363
4231
6242
0127
9707
4123
9911
3514
5757
4734
2780
4098
0116
7604
4180
7071
1088
7998
7018
0738
9442
2670
3552
3757
4380
9142
3198
3424
4373
0524
6727
0811
4173
0708
6214
7537
0773
3800
3048
9049
1308
3008
8003
2736
0704
9736
2089
3800
5361
7010
1870
7683
1431
0083
6031
9684
7798
6989
6225
1149
4343
4818
0020
5720
0777
6031
5224
1617
5243
6153
8949
2314
8383
0140
0075
9619
9040
2780
0607
8380
9117
0120
3233
8398
3083
8337
2667
0788
6720
1720
2743
6205
3331
5310
7031
2635
4776
7127
9724
3819
4563
9498
7319
0732
1452
1334
6225
6076
3877
3542
6430
3370
9707
6220
9040
4337
0611
3071
7900
3649
7930
0775
7725
6257
1931
5039
4152
4908
2650
2183
3539
6019
0147
4010
0174
1370
3361
2952
4890
3625
1023
2773
2548
3881
4181
8448
7667
9093
8040
9300
5218
3009
1357
4313
7513
0391
9093
0519
4403
1418
4971
0340
5772
7102
9093
7298
8904
7093
0635
4104
7013
1038
0140
8175
1810
7627
6761
2301
0750
1725
6767
1953
7229
2425
6052
8463
0940
7707
7361
2511
2461
7748
6731
6948
7300
8116
4230
9981
1753
7748
7327
3718
7137
7741
2767
4217
4847
7289
0163
9004
5283
0538
3808
5219
7942
4275
7238
9100
1632
4589
4457
5281
2453
8193
4573
2190
7731
8047
6727
0343
6032
0525
4076
7788
6472
0518
5718
7736
7040
7631
2748
9177
2904
7675
4789
6239
3411
6903
0098
5091
8105
2674
3834
8000
5430
2753
7937
2314
8436
4607
5798
2541
6133
2184
0343
3774
7939
2553
7473
1114
6447
1661
4147
5340
4024
1911
4519
7008
9029
9929
8484
8809
9741
3147
0473
6152
1432
4620
9972
7208
2403
2970
3967
9990
7983
8361
9940
0518
3883
8127
9080
7550
0931
0972
2725
0500
4332
2772
9342
0673
0124
2033
2029
3147
2137
9400
0561
4007
5725
4831
3935
8325
4713
1473
5742
3090
3920
7498
5770
2923
6039
9783
2337
4837
6191
8138
1720
0520
1461
9110
1943
8100
3116
2419
5757
6348
9602
1401
3311
4241
7217
3920
1448
4542
7177
7389
3713
1401
2907
2732
5093
4624
6261
4504
8890
9649
3808
1113
6423
3623
7032
0588
6475
1411
1649
9247
7714
4109
0352
6114
4335
6116
7401
0861
9303
3853
7432
4653
4748
1443
0703
2048
1370
7313
0511
1788
7511
3767
2639
3480
3798
7931
5448
2630
9853
0553
3843
5418
2036
8098
0820
3316
4698
9932
9324
1436
8829
3631
2608
9793
4002
4841
6711
7338
1361
3198
1872
9889
6961
6313
9675
4161
2541
7419
1791
2916
5072
5283
6380
6311
7131
1081
7037
0072
0972
2950
5033
7311
0203
1073
4531
1043
3052
7423
7657
3211
9957
7041
4530
7977
2181
8000
4201
9384
0139
0580
8117
4898
8002
4463
7440
6247
1989
9983
4201
9483
1140
0011
6367
9008
9376
3408
5476
4836
4050
9950
7139
2604
6729
6724
0763
0332
2404
7776
2349
1131
2616
0040
9048
6443
4207
2013
7605
7508
0231
1363
6035
0089
1931
4188
3820
4208
6433
0072
2110
3220
5290
3139
1125
1363
4191
3477
9790
1334
6032
8417
1977
4134
0488
8100
9450
8134
4404
9040
0881
1431
8349
5700
7229
4410
3617
8331
4380
8450
0908
3929
0211
8902
4125
5484
9029
0153
7701
7972
7705
5470
4504
5310
3511
6133
8983
4517
4125
3673
4323
1989
2623
5413
6142
5443
6163
2093
4448
7731
8035
4802
4098
7405
2623
2577
0580
2905
9883
6201
6923
4214
2519
9988
2531
7224
0318
2067
2305
3777
1431
9701
5223
7580
8401
6330
3331
7704
1933
6075
3439
2971
4170
3436
3532
3024
7723
5730
9253
7118
2301
3472
8803
5375
6017
5067
0838
6943
1041
0337
3824
4924
1401
9880
0936
2498
2084
9419
0970
9039
3304
2183
3535
8039
9008
8383
9667
4690
4636
2532
1714
9805
5400
5477
0909
5088
0234
1393
0977
4363
3250
6457
1989
7007
2447
1043
2047
6407
5416
6008
2307
4371
4641
6403
4705
6349
4841
4117
0247
2118
2423
7214
3934
9973
1725
2623
5033
3335
7303
3925
6753
3505
6220
8443
9104
0173
8163
8804
6101
1807
0825
3443
4217
2004
7250
4704
2967
2439
6317
7977
5475
1848
5020
0033
9789
0580
9938
8970
8331
7435
8840
9083
0201
4933
9805
6418
6184
7116
4241
3670
0557
3372
4040
8433
5790
2323
5741
3280
0350
0349
8977
3963
7290
0902
4704
2524
5735
5430
4084
1876
9020
9080
8947
3329
9316
7371
4923
4048
5430
5247
7541
0493
4335
2547
7741
9961
2075
7949
4505
8816
4437
9629
4025
6952
4840
9700
3727
1939
0871
7198
7616
9870
2538
0204
3093
3730
1608
5007
3441
4393
3857
3853
4080
1153
5039
9332
1835
2941
2627
0850
3109
7114
7557
7531
9411
7463
5073
3372
1431
0183
9305
3383
5232
4733
9490
7189
3372
2171
7114
6743
4898
7747
9281
4575
7176
9263
9798
3671
0083
7336
7171
4449
4238
3367
3019
5731
1081
6384
3023
0037
7184
5724
9220
7710
8032
1149
2924
2714
0300
3893
6030
9713
9940
7273
3163
4843
3300
9704
7936
3561
3783
7641
9116
4216
9419
4801
5238
5089
4575
1071
1939
1325
3288
1376
8447
2738
4627
5704
3520
4627
8337
7204
7676
9814
9130
7761
2341
9209
6407
1047
9124
9032
7137
6453
2175
7641
7671
3341
4143
3184
3036
0877
5375
6738
2789
6961
8914
5293
0803
3307
1898
9743
3298
4401
1074
6200
4909
7463
0505
3376
9637
1424
7135
7023
5273
1441
0267
1843
0498
2743
4577
4261
7057
4549
2902
2393
7690
2131
4337
7447
7249
7172
9170
7123
3616
7719
4370
7303
7172
3249
5250
9149
1977
0539
2498
0214
9911
2932
9439
3835
5723
3009
8433
1737
4534
0274
9070
8489
9801
2991
4334
0601
8381
0393
1747
6789
9707
4135
0410
1180
5063
6449
2189
9423
8374
8190
4674
3248
0507
3711
0035
0432
0811
0230
1105
5336
3248
6030
9948
1632
6009
9937
1153
8439
2642
1790
1034
3929
7453
4034
0903
8341
8376
0050
8988
3583
1837
5741
4414
1034
8393
9498
3034
8377
9027
4575
9380
4920
9993
0774
9209
6083
4038
3683
5381
0501
6037
7303
1883
9293
4435
7730
9389
1325
9438
1307
4283
4214
3501
2450
9201
1161
4313
4901
9900
8850
4019
3238
8944
4498
4848
9839
0502
4748
0507
2500
6944
3920
5431
6025
3067
9676
3317
6441
0661
3777
9988
3649
3383
0601
9270
7388
6931
9077
7967
6377
7119
3210
0249
3907
4976
7243
3289
1117
0516
3732
0683
7239
1323
9416
1848
2707
3707
0141
4208
7431
0588
8302
6277
5271
2923
3307
4024
4043
1813
0680
3467
7341
4143
2542
8811
1370
1636
1432
5050
9313
8424
7402
9220
6383
4344
3438
4308
4648
2036
3608
5232
7639
2080
2023
0525
6183
3441
9850
4524
5472
7442
6049
9044
8002
7548
5232
7672
1091
5798
9811
9923
0410
2793
8913
8343
4727
2367
4034
4638
1436
4924
0232
2350
1684
0534
9148
3976
3376
0525
0724
6183
1631
1950
3627
9888
0541
7039
8944
3944
1027
7313
0642
6244
7500
6129
3593
1993
3742
3277
5310
2142
1002
4483
9450
0725
5093
0400
5036
4731
4683
5001
7629
1461
6016
3300
7200
1017
4670
4600
3470
3211
3811
9029
3213
8417
7188
4471
5783
9741
5001
5070
6077
7250
7200
8123
4284
4783
5463
7102
2584
3617
6902
7370
4300
7272
4583
4343
3917
9114
5348
8948
4424
8888
8836
7343
2141
3816
3027
1449
9371
0805
1883
0227
8920
4480
0808
2761
8180
0393
3883
4701
2311
2348
9816
3484
8076
3367
9723
2702
0432
9819
9429
5038
8943
1600
4924
3580
5343
9941
1998
3116
8849
0180
6024
0388
7502
7224
3207
2470
6302
1143
0363
3332
0588
3532
0588
4098
9600
0224
7944
0888
3736
3438
9808
9219
7949
1788
3034
2583
3225
4410
2405
3034
1170
7043
1898
3102
0401
5480
9372
7376
8142
6383
8444
0193
9998
7524
8993
0670
7719
4448
5400
9407
5211
4591
0376
2307
9700
0610
7123
6119
9234
0331
4014
5234
4919
6710
1631
8816
1805
4829
5788
7732
6948
4472
8861
4100
2784
5225
1391
2671
9242
7507
2400
9939
8111
3188
8839
3507
4883
0738
5239
8417
6080
3643
0708
6098
8871
9944
3867
8117
2129
3631
8989
4889
6350
2072
9672
3176
3489
0039
4216
0988
6210
6923
5325
1034
1198
4350
3963
0227
1163
4889
1863
1117
9248
6167
7250
3302
7993
8800
2902
7942
1119
4889
2431
4420
3750
1431
2670
3005
4524
3884
0488
6007
0329
1783
3536
7050
9408
8111
5002
2389
4913
4249
8023
7532
0542
2639
7798
3671
5432
1084
9161
1639
6302
6742
4343
4489
3361
7007
8471
0319
9807
1963
3825
1848
2798
3489
1431
5480
1450
9844
9710
8402
2188
2420
7731
6967
2616
3263
7670
6377
1098
0801
0219
2777
8444
2434
4470
3419
2927
5480
8161
9883
0736
1898
4748
3238
3048
7301
0661
9620
4463
5272
1470
4500
9649
7027
2402
0102
3913
0105
4244
3931
3805
6941
7367
3314
8976
3439
2683
7977
3143
9149
0349
3511
0938
6120
1431
1793
3207
0863
7110
9698
1414
3848
3688
0802
5450
8443
9243
7972
3220
6739
8808
2620
1984
7491
6391
0117
0544
6472
9291
3620
4783
1727
6148
2620
3708
7780
6714
0489
0261
2400
2967
0767
0363
4624
9677
8976
0661
6117
4702
3127
7184
2676
0183
9319
0583
1102
0349
7983
8188
1684
1119
3342
1317
4211
4838
1311
0931
8132
7413
3142
9208
3419
1731
3429
3302
4217
1770
3908
2667
4934
4611
4039
4823
0524
4276
0217
3989
0716
2414
0584
8329
5442
9839
4439
8948
1861
3880
8950
0705
0631
1441
5091
8991
3708
7271
4000
4961
3963
9663
1788
8948
4831
7038
9142
6013
6034
3788
0377
4776
7101
8139
7439
1161
7713
7463
7202
9029
4776
0161
0250
1089
2114
7671
2067
1780
9932
3289
4576
1123
4310
7939
4041
4423
3771
1916
4802
0727
7120
7616
0050
8914
4849
8019
8489
5300
5341
2063
7949
3525
5777
8141
9883
5038
2308
7172
9476
8317
7534
8325
2680
1623
7938
0527
2436
2732
3429
6389
2076
2441
7607
6007
3207
1939
9220
9316
7639
2439
1393
7698
4867
8023
7907
5344
4929
5323
6320
0288
9002
7201
9076
9463
6177
5705
2902
8144
5476
6143
7942
0861
8105
4041
4193
6401
5705
2383
6211
2907
3270
5213
4800
0825
9429
0239
7911
8084
0383
9343
8925
3491
4019
5398
8907
8400
1671
3117
8170
5331
0098
3302
0471
2311
6031
8908
9424
4061
1032
4842
3116
0248
3141
8901
6071
5010
0084
4424
6771
4842
0767
2761
4741
2310
3139
4205
0076
6039
1708
8905
3171
4401
9663
7577
4036
4976
0311
3000
3802
1149
2139
6161
7320
6477
6789
6442
0472
2902
1125
8124
4611
0724
7116
3201
6270
0063
5263
3841
2970
5098
9371
8108
8367
5249
0438
0110
8439
2017
1088
0677
5741
0063
3183
0161
7319
4007
9001
9972
4820
8336
5344
1744
7941
4038
3461
4849
3424
7116
7577
4311
6493
9467
1639
3913
8138
3939
6736
1472
8476
8971
4201
2943
3770
5705
2798
3007
1625
4639
7580
8971
5077
9223
1929
2083
2520
3461
6071
2410
4849
2020
1723
0910
1427
0898
1623
4336
2024
8398
8363
6336
8416
1877
8870
6039
1816
7025
8102
7271
3850
2411
6200
6107
6300
1783
1407
3011
7101
1936
6929
1977
1636
0929
5729
0483
0948
4911
0123
3191
2588
2523
2008
9639
4948
5724
9932
0210
1914
8108
5344
1941
0110
2743
8111
3570
6272
4483
9111
0331
0044
9498
3191
1093
1131
8332
8902
0876
7319
0276
2342
2707
6083
7250
6788
8477
7202
0470
9839
6380
8010
9000
6189
3601
5367
6344
6232
0931
7684
6317
1319
9619
3716
7649
9908
8401
0931
7200
3944
4431
7534
0219
8041
1724
8908
6972
4788
0389
3334
5723
3039
6798
3584
2361
8934
4084
0200
2925
0842
4242
2589
8184
9849
6080
0208
3100
4505
7627
2093
0111
0367
0889
3391
8320
4619
0605
2543
2341
2541
3836
8991
7224
9850
3561
7502
3349
9342
5011
4172
6970
3244
0038
3610
8413
8108
3007
8023
0384
8132
7672
6970
3232
4476
0341
7491
8143
9938
1131
7634
4238
8420
8029
3800
7414
2339
4807
5227
4641
7005
6793
4441
9843
1950
8867
4639
4514
4419
5016
4910
9783
1480
7702
8429
8820
9061
2605
7425
3270
2727
2011
4517
4983
9989
3489
5388
3677
1942
4849
9723
7242
6711
8967
1932
4901
3972
7914
4536
9631
2471
4584
8117
1416
7314
3413
0100
8810
0825
2172
3631
1161
2080
1825
1332
4042
8149
8038
1419
7263
9676
2124
3936
7743
7271
3543
9384
0229
9317
9098
1948
9139
0527
3629
0219
4424
8844
1019
1816
7223
4213
8014
8988
2488
9400
4336
9932
0170
1605
6249
4276
1600
8113
7529
4539
2410
1849
6324
3644
6270
4023
6401
4063
3777
7939
1414
1816
9391
3043
2107
9484
5201
9688
3714
4643
2317
7611
1625
2761
2110
9219
5410
0088
0248
0742
6011
1742
1041
1470
7300
3938
7449
0932
1942
1671
8010
5025
7339
4517
2600
2723
9731
3993
4638
2905
8101
8429
5442
9038
4888
0648
0949
6380
9319
4993
9311
8191
8841
4888
3539
9688
3514
1139
3639
0908
8977
0123
2172
4950
4832
6327
7038
1134
1836
6798
2504
2442
1748
4724
8136
2425
2116
2417
9402
7798
0170
7463
7440
8141
4727
1789
2171
7424
7572
5418
8113
3643
4571
4708
2588
0620
1161
7443
3110
4145
3654
0680
0419
0650
0620
1783
4124
5442
7443
7689
1431
2431
1124
3649
1743
9470
4717
6716
0691
3772
9403
3739
4703
3743
1617
7709
0490
3709
4714
6402
9600
0670
1617
7772
6452
7540
3543
0598
8429
6176
4740
3471
6789
3436
6761
7130
5409
0403
4404
7741
9608
3407
7739
1401
3730
2118
4418
7776
3424
0139
4119
4654
3542
2438
4590
1120
7601
3404
0498
9193
9788
7440
0633
3401
1630
9409
0193
8438
1409
8488
5404
3650
0533
7532
7408
2448
0720
1413
3132
6771
3772
2738
9172
2407
2552
1104
3134
2770
9110
9681
9772
9490
6710
7719
3524
4171
4402
1191
9188
3708
7417
4493
4543
5748
2402
1134
6439
2549
3771
8450
4639
2425
2748
6439
0716
3630
4418
4116
7520
2738
3419
7116
4716
3743
2505
9708
8405
0750
9493
7614
9731
6736
7140
3180
2188
2454
1130
1748
7413
1150
7491
3129
0109
7163
8124
0642
0491
2623
4602
7623
7552
6103
0108
3709
5776
1145
8490
4154
7136
7449
9620
7513
5749
9736
7431
3541
1716
4600
0732
5707
7514
6467
0420
9448
1625
5742
6481
9183
0134
0442
4672
0576
1123
6167
3425
7619
2701
1610
8104
6410
8132
2698
5452
1409
0405
0667
1631
5736
4450
7600
1171
3610
7436
3752
2107
0614
3400
7719
4770
2483
3610
2581
0490
2118
5743
3419
0727
9410
6738
9452
7676
7702
7184
2788
0450
2172
2641
2483
0193
2602
4184
7184
3108
0750
1150
0683
0570
9713
2404
2719
7688
4143
2504
1429
9405
5763
6498
5425
3741
9131
7772
0433
2118
1143
0625
9149
8134
5434
4139
7733
2542
2749
4545
2490
2124
2698
6414
9181
9181
0605
0648
7184
0429
7472
3714
0645
0123
2513
1472
5498
1163
2732
9409
0632
5743
4450
2767
9732
3504
7423
1689
3488
5480
7423
4554
4730
0118
9127
1798
3623
2767
2681
9405
9490
0750
4554
3767
1798
5730
2681
6138
7148
2409
0529
4524
3448
4117
6732
4181
4429
0527
3442
6471
1449
0180
3430
6407
2418
9645
7503
1141
3636
9716
0539
3683
2502
4541
5498
6448
6107
6730
1129
0518
2608
2589
4643
0624
2445
7602
2104
9610
5771
5450
4636
6425
4736
2119
1172
3420
3409
2645
6776
7602
4118
3608
3793
3427
3552
3152
0519
1780
3504
6436
2139
1730
7143
6734
2193
2523
1740
6104
9733
7613
3443
8103
4784
2776
0142
1642
8472
6101
9641
4408
2191
9408
7125
4141
3198
4472
8481
0571
8101
7471
3534
6101
0117
1718
9439
8189
7127
2438
6470
2401
4488
8450
0167
7593
9616
3617
4504
3449
0463
5740
2663
2716
5443
4184
3554
6190
8440
5723
0463
5740
7449
4504
1163
9684
5732
8425
2118
0139
6703
0713
3545
4193
2632
3536
9410
4107
1163
2445
8127
9710
0688
2117
3642
4542
0180
1649
7702
3470
7741
2680
7450
6727
2507
1790
7610
4419
7113
5470
7641
3104
6180
2654
7170
3610
5425
3427
5798
5780
7739
1708
3524
3610
2533
4648
4442
0509
3103
9732
1414
7105
2771
7708
2640
7581
0730
4648
3100
9642
3484
6432
5434
0429
1430
2145
3714
7501
4707
1441
3789
7105
3743
3142
6440
7531
7104
0520
7630
4590
9440
3420
0688
2541
0550
6127
0714
1793
3707
7630
4736
4149
0134
1463
5780
3439
9427
0643
4436
1690
8404
3133
9440
3636
3704
4634
1740
5772
3552
7509
4410
6433
6761
9736
4601
3616
3623
5788
7525
8181
9625
7630
8181
7408
1783
2543
9181
5700
1713
6442
9776
9104
3503
5731
1643
9600
0171
2524
0750
2742
4671
9776
3413
3539
1417
0134
4536
0140
9739
0438
9731
1783
9416
2425
7736
6452
8471
1725
1761
8150
8438
8123
0789
0771
0776
1717
4670
7631
8483
4676
3731
4563
7741
2188
6100
5710
3588
5708
7191
6442
3408
1430
3198
0403
7545
9433
8130
3401
1732
7524
0413
1619
1101
2420
3103
9102
7417
2616
3623
9771
2639
1127
0149
2188
3170
7705
8445
3640
2752
2176
3436
4648
1743
8484
7717
0689
4638
7791
9672
1743
1150
0408
2452
2616
0500
9433
4163
3400
7723
1761
2434
4514
9140
0117
1601
7640
4703
9143
3630
3141
9448
1642
1630
6461
9483
9104
2141
7132
8138
3400
9708
3643
0113
0554
9663
7707
2120
6161
1745
4420
4524
4614
2542
0754
8109
2732
3618
6730
7661
6490
0723
2500
4717
2452
3613
8467
5705
7407
2488
6738
5452
1143
0603
0184
0123
4471
1440
1461
3436
7791
9471
1161
2136
7129
4700
6704
7431
4467
3734
4717
2708
3170
1143
7414
0648
2533
6716
6727
4743
9733
7414
3684
0508
3129
4408
9620
5418
2461
1484
3739
0650
2184
1600
6132
7709
0667
4548
6767
4709
1103
0403
1729
7117
1641
1419
9183
3504
7731
3449
9639
9738
8110
0438
7148
8114
6716
0171
7117
3449
3172
3504
4105
2554
2188
2420
4441
3705
7614
5734
4631
8416
4139
4461
3576
5771
0523
7576
0588
3140
4750
0400
3716
5730
2404
7109
1408
9716
0481
4423
0427
4434
9610
4405
2427
6418
2667
6132
0110
9441
2772
9609
0127
7180
0710
5423
4404
7798
1614
7732
9442
0539
0103
1123
2543
3632
2408
0104
0198
1714
3449
9403
3743
0404
3532
3767
6441
6161
7752
4401
4743
0149
1720
3672
2750
9102
2601
7752
3634
7488
0484
3702
2424
2425
3672
8472
4133
9671
6790
7167
2143
2431
7504
7181
1716
1793
5454
7439
2745
4610
1420
0572
3417
2632
2181
4183
2150
4576
4517
5425
4770
1724
9789
0110
1743
7748
3102
9109
7690
4619
9405
0600
3148
0171
6125
3434
1603
0680
0604
3632
4467
7440
2493
3188
5454
6776
3536
7572
0742
1119
5414
9405
2724
5713
6438
6171
4548
5414
1613
5761
3663
0570
1445
0605
3150
8138
3419
4667
6117
6138
3701
9452
4523
3433
7529
5416
8132
2103
7743
9417
9748
7680
7717
7700
0498
3583
2520
5752
6739
0520
3519
2139
8141
7184
1633
2550
3584
2148
6145
0161
1632
3517
1116
8148
3601
3101
2191
4676
4519
6727
9733
8189
9727
4520
7667
8449
7738
4105
6100
2500
4509
3538
3470
7614
4643
0132
7748
5725
1143
0471
9123
9101
1471
4754
6139
1442
7410
4630
0542
2572
8445
0518
6176
7609
2502
9180
8190
9129
1443
2749
7414
3100
3163
8120
0476
1188
2483
4423
0750
2625
6493
7676
6180
9129
9788
7439
4113
0403
0419
2504
4498
1188
0790
4431
3191
7443
7676
5483
6410
5733
1741
8400
8149
0171
1129
6732
1476
1783
8438
5483
6489
1707
7413
9693
3542
1616
1783
3642
1720
2102
2109
2604
7127
7598
1138
7413
3523
6400
3501
2663
4510
7525
4604
1688
3667
3449
9167
7429
4633
0608
2590
2572
9439
1105
9645
4717
7788
8163
7729
3471
7523
4100
9638
1605
3104
8489
3598
1491
9402
9438
2719
5424
7484
9633
9739
7623
1638
1789
4401
7703
2731
8100
1601
4409
4454
4489
3639
6101
9738
0491
7572
7600
2545
1770
3191
6145
9161
7119
2432
8139
2672
9789
6188
3130
9740
7627
5761
4191
9683
0484
1776
7118
0710
9740
2632
3402
2183
8105
7181
9134
7627
8130
6702
6490
9752
9403
6727
2501
2524
1603
7784
1434
6413
7702
8101
1601
1603
2524
7702
0129
7513
3570
1710
0509
5430
9754
4107
4105
4640
3624
9142
1619
4443
9113
3524
5738
1138
5788
4741
7681
1600
3601
0540
3191
6704
4717
4536
0540
0780
3413
4531
6784
7752
6116
9181
7648
2520
9730
9442
1788
9691
3618
8416
3120
5720
1198
6463
8101
0127
2707
1788
0661
2590
7532
6719
8416
7524
4133
7402
9670
0503
2467
2752
2461
5467
1634
4114
4530
7781
3730
7793
1754
4130
3472
6431
1633
3191
4472
9123
2549
4602
7500
0413
4114
2519
2645
2461
0441
3436
9729
0430
1140
2481
9454
6463
3789
7791
7645
7718
4632
2741
2605
1780
4788
7736
4124
8433
3709
0454
4719
4639
3581
1189
2702
7176
9118
9488
3442
9680
6424
4449
3700
0481
4720
0118
7110
9488
1754
1725
3608
7432
9700
6754
1700
0118
4603
2667
3401
6763
2514
0741
2752
4691
8493
2420
2400
2631
9191
3593
9436
4743
6152
4583
8480
3667
1642
9105
7181
1452
7708
3554
1727
1402
1607
4136
6489
7670
1610
7500
3710
7520
7140
9745
7101
4763
2645
0490
2649
9713
3581
9709
9713
1698
3533
2103
2613
9402
2181
4133
1641
0142
6113
2600
1639
0645
9640
4123
4532
3176
7124
1432
1100
1190
2780
6433
2708
4649
3139
7529
7681
1738
8409
7731
3600
0543
5472
3977
6767
9889
4961
4350
0941
9909
3119
7720
4914
7571
7108
6214
1911
5401
1190
7176
2681
6049
1911
7242
3488
0181
3924
0548
5211
2089
5052
4808
0901
3467
0749
1604
3676
0416
1941
0589
5709
7219
4825
6244
4291
1016
2008
4141
7129
2552
1909
9305
1671
4101
4302
4884
0117
9948
8091
4581
4711
1644
1898
3802
0317
9729
5409
7101
0804
7677
1867
3402
0981
1620
4967
7671
7311
6389
9309
8308
2080
4671
0544
1718
3942
7052
4314
0614
3789
3550
9952
7702
7224
5349
3425
0601
7549
3224
6300
5240
3949
4805
8148
0467
3800
4761
3761
8067
9452
0776
3919
0184
1088
4890
4409
1161
3617
6077
6011
3949
4176
7577
2549
3367
3389
8842
1104
4025
9325
2320
0824
7577
7940
0419
0698
7011
8848
2650
7509
9410
5749
1880
9017
2350
7341
9952
4391
7314
9410
6398
3116
0020
3209
4041
2450
5389
0904
1404
7217
5348
3209
5780
0950
7977
7491
3418
2401
2700
7011
5052
4649
3991
4091
0410
8084
7298
4211
6191
5014
2088
7161
6017
2000
0220
9998
1011
6748
2177
0500
0525
4304
6119
2717
7729
0284
1810
7916
7716
0105
4005
8380
1388
6452
6267
0911
0084
8142
4248
3971
3784
3710
2676
1910
6929
9242
3140
4701
0300
4867
8090
4976
2117
4941
0809
0242
4202
1010
9118
2502
3388
0740
4676
6305
0950
8311
9229
4188
7581
4967
1476
6967
4450
7261
4504
2605
2614
4505
7990
9048
0788
4061
4161
0444
7590
4520
9677
6984
4242
0219
8900
0248
0609
5091
0702
3317
7902
9298
5448
0977
5342
3618
4601
9219
5014
3525
9684
5300
2704
8008
2118
9909
2719
1867
0405
6944
7501
4050
3090
0190
1191
4848
9198
3300
5700
2052
2348
1640
7744
4490
7120
9118
4916
4776
0476
8890
3109
4052
1409
2676
2402
2329
7371
5388
2471
4111
9402
1380
2549
8020
4544
2380
3011
7601
3517
0529
7900
7789
8889
9198
0124
3018
9391
9241
0748
2098
6211
3740
8124
6771
5241
2000
0881
6225
9210
0776
7944
3052
7649
0010
3961
0416
8476
2598
3677
5025
8116
3710
2916
9791
3249
9101
8840
6908
0704
0152
3804
5084
4819
2942
2452
8098
2777
7442
5244
4529
7976
3525
9790
1942
4401
0576
5720
6750
3418
8184
4124
3329
0540
6101
1884
0381
0618
9890
9325
1424
4411
6016
6902
6424
6411
3761
5067
1052
4450
6319
1790
8381
9876
0510
1089
1052
4318
1020
4884
0750
0949
7220
9400
1911
3224
9367
4290
9244
9190
0111
4191
5749
4408
4704
0205
9252
8300
4849
0800
5380
3752
9118
7441
3076
1341
3849
7788
7024
7148
6101
1124
0442
8904
3709
8011
6149
0391
3980
9102
4191
7484
2389
4142
0318
3920
1325
0591
5342
5311
5071
3280
9390
1980
9688
1649
7210
7710
8805
7284
0350
0448
5342
0424
9205
1384
1061
0250
5411
4049
5388
1918
0784
4689
1781
3314
1941
8198
1105
4314
7452
5350
1418
0576
9417
3184
5788
3314
8118
2980
5391
6150
9950
7617
2550
0717
0190
2918
9690
4008
7971
8144
5440
0261
7700
8942
1918
7649
4119
8811
7702
1817
3011
1910
7588
3329
0214
2414
3344
9142
7011
6249
0705
1724
1318
7205
5342
3209
0771
5311
1381
8150
7177
7648
3411
3302
1010
6771
2909
3414
9491
5042
9742
1401
5042
5388
4389
4704
3440
2309
3740
7276
4944
6908
6944
6424
0810
0288
9608
2077
4048
8948
5010
0611
6277
7002
9809
7244
4477
4577
3717
9429
4741
3429
2089
8120
2389
6998
0489
1188
1300
0976
7750
2142
1900
0188
2677
7589
9604
3429
9009
9424
6448
1900
7550
3801
6976
6429
7581
5450
6114
3811
4277
8119
0204
1361
3142
6167
6716
7518
9229
1802
9005
0848
0961
1809
1971
1905
1152
4377
4352
0288
7116
6002
7720
0305
7649
4477
7500
0520
4777
6388
0942
6780
8119
7742
8009
0620
9602
1190
1677
0840
4577
0218
8320
6189
4140
2750
3717
8389
5090
0924
3305
4217
2540
1442
2120
1491
2109
2011
8300
4716
1776
3624
9889
5067
4980
7720
6410
7108
8914
8004
3902
9291
0710
0150
9950
6410
0118
2489
0880
2408
6289
1904
9217
3510
7108
8389
1302
4116
0801
6410
1048
2008
6344
0049
9718
3550
6798
0224
5010
7167
8091
3184
8441
8118
0241
0120
3719
1884
6467
1804
9718
9890
6411
4400
9891
3744
5277
1867
6316
4229
4609
0181
9948
3180
6291
7742
4400
0729
2524
0298
3550
4491
4802
3329
2000
7391
2410
0948
4214
0098
0517
4020
6405
6289
9809
4776
4281
0688
1418
6389
2717
4380
9150
3025
7420
7149
7567
2381
1980
9302
4700
8420
9150
6718
7989
2489
8989
4877
4789
4776
3977
9081
0576
8020
5400
9141
4081
4708
2308
2520
9225
2144
7401
8871
1871
5752
5714
7576
9620
7929
3509
0408
8184
2010
7942
0042
0250
1898
1488
3018
7788
9198
9671
4891
8304
8181
3229
3142
3184
3108
6241
8480
0502
5089
4981
3410
5724
7925
8305
7520
1905
0717
3777
3090
9184
5350
3248
8389
3117
7617
1971
7140
0852
3218
1948
7219
5780
9819
3352
2980
1810
4009
4408
2540
4519
9919
8919
1184
3717
4311
6405
6148
1108
4889
4176
5205
3524
0861
7017
3820
2504
0552
7498
1844
2400
9819
8190
6791
8198
0080
3720
1377
2420
0220
3100
3208
5425
1102
0290
2720
8488
9791
0850
2608
4398
4484
7771
0518
8481
6901
7680
9371
1649
4498
3981
3184
4190
0442
7389
0944
9442
6480
6311
8989
7244
8040
6429
0371
0904
8349
1677
4071
7029
8961
6748
0988
8040
1809
6009
0109
5398
2767
5750
1804
1816
6414
0480
2418
8801
2508
8314
4542
7318
4104
2788
6944
8444
9629
6277
1176
8198
0409
4818
6261
5071
2788
3990
0119
4510
2661
0790
0316
3740
6498
7741
5390
8020
4310
6319
3250
2776
0804
5498
5380
3881
5208
4780
0788
4944
3829
4544
2611
7900
1791
3529
9300
1188
5349
1014
8404
0142
9700
0425
0890
9410
1488
1411
0544
4017
4148
7000
9700
6724
2349
4908
8867
1950
0176
5744
2652
2061
8988
7352
0804
4114
1990
4311
9444
8844
0300
1149
1742
9416
0941
4748
7581
9349
3811
7961
9888
8300
8017
6909
1305
3404
9961
0991
6918
4740
0676
2767
1942
7902
0561
4784
5776
2904
9680
7504
6771
4698
3711
4929
3909
7767
0698
4784
1990
3752
3917
4909
8914
0949
7504
1688
4742
7900
2629
7981
3500
1984
7905
3741
0525
4504
7600
5714
4742
0504
1716
7584
2516
6967
1681
6929
0767
7698
6714
7908
7744
2720
9609
2701
7761
3602
5718
3711
7516
4909
5740
7790
9661
3620
3925
9616
1750
9717
6909
4684
4920
3589
4790
6900
9700
0719
9791
7720
1602
2729
0742
9688
1702
2602
0914
0610
5744
2620
1700
1716
4671
4617
2500
9920
7588
8920
4676
4520
1716
2941
9601
3788
0540
0740
7790
1914
7511
0988
7798
1717
4542
0971
1941
7540
5700
0752
7700
7689
3780
7941
7925
9677
5767
7790
1714
5789
2998
7752
9940
2691
6917
3949
0998
9908
4625
4918
3949
6917
2920
7598
1908
4517
7977
3949
4961
0508
2790
9684
2510
0611
4701
7718
6704
9709
3919
0684
6729
0602
5752
0650
8901
1791
1910
2948
7617
4904
7629
9701
4789
3700
0908
9789
6989
9661
1949
7977
3911
3561
7611
9717
2977
2925
8909
5740
2719
2725
6991
8977
0529
7591
9741
4717
9717
7914
4742
2750
2591
4725
0788
7677
3798
3618
3500
7989
0598
4640
2511
0752
3608
0918
0505
7640
5790
9701
2542
0608
0918
0924
6776
3519
8971
1990
2661
0917
0944
9600
4909
1901
4984
3576
2676
9720
0750
5725
5710
4550
4652
4777
3676
4900
1967
7649
8988
3609
0929
3977
2544
7661
9791
9948
1717
8988
3640
2544
7729
7525
7611
4505
9911
2508
9908
7508
4680
0625
1780
2641
4718
4617
3700
8902
7991
9611
1718
0542
6900
1988
7601
4711
9914
7517
1748
4761
4617
7988
7920
0752
7718
0904
3581
2901
7567
0604
4701
0940
3614
2518
0584
7771
4905
2652
0604
1714
0918
9652
4990
2680
8990
7971
2580
9914
4720
3717
6702
8948
8990
6790
7590
1720
4501
0604
3618
7714
9776
3614
3524
7590
0925
1901
1624
2520
0705
4684
1916
4681
0525
7716
3567
0742
4598
3798
0910
0704
3614
1971
9708
0909
0708
6961
9652
9941
2902
4989
3520
6716
9911
4525
7950
4508
9690
0542
7971
2571
6977
3971
3908
3667
6991
9690
5771
6789
3616
2981
3784
9971
9718
9948
6767
6991
0676
3919
7761
8901
4500
7542
4984
2519
9629
4977
7720
9909
1709
3625
1652
7541
7714
9909
3544
7984
1719
7616
0902
0505
9629
2567
0777
3919
6908
4776
8991
2920
0904
2619
0925
5741
2549
9610
2505
9600
3525
0577
7688
3525
3541
3529
2944
3719
1714
1718
6750
4744
3648
3771
0577
0740
1609
9791
1640
0552
9798
1909
9609
7640
6940
2711
3724
2540
5710
2629
6988
4716
9649
2684
7605
9976
1777
3942
0516
7919
9620
0705
4741
4714
3508
4604
0602
7908
0602
7689
2616
8940
9689
3652
0908
1700
2911
4991
4644
8905
4510
2616
3748
3942
9919
7788
4991
0919
3590
9644
1949
9704
2744
7977
9944
7798
6700
4648
8984
2711
2909
1901
6925
9652
2716
7588
0908
4704
4648
2609
8918
0929
7917
0514
8967
6929
6771
9619
9704
2504
3791
9918
0911
2944
4724
3505
3691
1671
1742
4929
7752
7989
9924
1641
9716
9984
4577
7704
4991
4780
4717
6776
1604
7549
9976
1677
6901
2614
6988
3552
1671
6750
4918
7519
6767
3716
4971
2752
4567
9980
4911
0609
7681
3761
7725
7700
6741
3716
7750
7761
0711
7725
2929
1948
7505
0740
9717
0541
6967
6918
1716
0748
4604
6940
4625
7677
4948
1771
7948
1688
3771
9750
4924
7605
6780
3725
1698
1644
3688
6942
6991
4504
0748
9789
3616
3990
9909
8929
4942
9689
1748
2791
4505
7949
7644
1684
4624
7920
7919
9644
1619
4590
9909
7540
4689
2518
2711
1700
9911
6980
2949
1641
9688
1718
1784
0998
9608
3704
3640
2918
4718
3616
4720
1718
6989
0718
4967
0952
4902
7929
0790
0500
1648
2690
3909
6767
6744
4544
3571
4652
4773
7573
7773
7717
7570
2791
1661
4544
3741
4525
0688
7511
8908
7652
9944
1661
1927
4676
8900
7523
9618
0540
3900
6773
3718
9601
5708
6938
9976
4518
9918
2944
7929
7607
9601
4525
6723
4932
7619
9910
5705
7508
1745
4637
4914
6788
5705
2907
2625
1618
3584
7673
3984
1684
0691
7705
2923
2910
2740
2717
8900
2511
1940
0908
7705
1771
7983
6981
6919
0611
2927
1983
3916
3683
9714
4537
4501
3538
0707
9954
2684
1676
3902
4644
0788
3933
7729
0983
0681
9649
7742
3654
0781
2520
9716
1942
6711
3547
7767
2980
7504
4633
1771
6941
0974
7733
7650
3720
9988
3538
7583
3652
1977
1710
4908
3905
3783
0584
1720
3588
7705
4908
9984
4601
4584
5784
7783
6904
0545
1671
7650
7554
2500
6718
7667
3625
2752
9708
3637
5784
0948
9741
3772
1671
3627
0919
0745
0984
9607
9950
1607
8937
4980
2642
7701
1723
4627
2667
5707
0948
1949
4707
4752
2724
4902
7573
7647
4614
7701
1950
4633
3505
7633
7710
3724
3771
3645
2725
7524
8974
3505
0745
2937
2652
5716
3684
1949
1644
7720
7500
7702
4942
7589
1714
9923
9774
3508
2970
0644
0970
5711
0644
4677
2704
2505
1949
0532
2910
0644
9924
0641
4684
9745
4684
1619
4783
9716
2654
2667
3510
7748
7932
0932
7904
1904
7545
9661
4707
3923
1670
4932
9988
5729
4954
2725
0523
0976
7783
4674
0901
0511
7541
4670
1941
2616
9798
3784
0625
0711
1742
3598
3570
0938
2642
7552
3784
4648
1672
4677
2684
3711
2504
7683
2907
2545
7667
0574
2933
7941
1716
4917
2974
7638
2616
0644
4641
7924
0744
9677
1991
1784
9938
9700
7550
7970
0954
8924
3525
7514
3581
3681
3550
3672
3533
2580
7567
6944
3676
3550
7604
5777
1698
2580
2523
9607
4671
4741
3567
9600
2544
6738
1619
9716
9972
1610
0650
9942
7770
7725
4740
2548
1604
9900
1917
0661
0577
9638
7933
4514
2517
3740
2729
3624
7725
4645
9988
2561
0610
7681
3642
4714
4742
9737
8948
9724
7516
2552
7540
7577
1744
4571
3676
3647
1638
3516
1780
3680
2574
2644
9716
4684
0920
4710
9637
2919
7525
2505
0533
3761
6988
1727
9729
3948
7533
2761
2776
0781
2976
9640
7791
1998
1902
4723
3717
3505
3719
3933
7708
0674
7737
6798
7704
0988
4910
1949
8918
2520
2773
0605
0649
3691
9667
1773
0529
4927
0911
0611
2988
6754
7661
9954
6700
4511
4727
2707
0591
2542
8984
7724
1991
7929
5784
1708
7981
9973
7732
0538
2507
4998
7570
